3.0376532193388002
3.0347214328540755
3.0215793958369526
3.0209607302658781
3.0152515446274895
2.6198126337397807
2.6150926218323178
2.612315943030826
2.3600188366140631
2.2857886370248917
2.2841355811618924
2.4561536398901715
2.4490571548923397
2.3508611816105107
2.3540688124924518
2.1430350441959667
2.1370756118361807
2.133634651493959
2.4999411160124438
2.4813337598868683
2.4704863857579933
2.4283154025095874
2.2810537080740323
2.2882574983036097
2.2716932961085736
2.2723908666528159
2.213469264871279
2.1588787081761334
2.1369024299243775
2.132008391914463
2.1206954242260689
2.3758683191008765
2.3396395649820914
2.3480174546738239
2.3341255083107071
2.3932316233890472
2.3684078549481065
2.3404918473541123
2.4445382471030248
2.4496674146717448
2.4377507592442074
2.1755425138663895
2.1170342430150191
2.0634750271457292
2.2692036976442527
2.2654504298421005
2.2636549193454703
2.2607269907970218
2.277764150948892
2.2279916108877194
2.1162778736251493
2.1139435887558706
2.2012382170947848
2.1786160767631086
2.1468853175022771
2.1317596497518165
1.9405997793783427
