3.8678099807454207
3.4555609591978644
3.3729370120403215
3.3215697164571973
3.2666740729160866
2.6211841710146304
2.6046364153036192
2.5829786519735576
2.4356111875574697
2.3525713072959431
2.3447350496771389
2.4933310317860431
2.4544451318831775
2.3793080376667146
2.3660953060195236
2.2374992985053086
2.2252826217546429
2.2209401206605994
2.4728580946131773
2.4588495563653447
2.4496289783044012
2.4185545970531499
2.3301311511290463
2.3236576958106716
2.3038595743987158
2.3043366301514432
2.2673157925231768
2.2344735395233233
2.2201752270324024
2.2167990655697407
2.2178156375058737
2.3772227494811418
2.350390729718649
2.3562462619247531
2.3531851174619396
2.3907410050552143
2.3720790950662636
2.3518170800151599
2.4325962809112429
2.4322619527980871
2.4226139725479059
2.2453599452253927
2.2086061094264413
2.1779205215336082
2.3055150788143073
2.3062082549069634
2.3097540664908172
2.3133021300646601
2.3172756829628716
2.2825953839690385
2.2311400921350764
2.236224455968336
2.2858186292882099
2.2695588459815998
2.2492409994568687
2.2374250084767908
2.1331648300390111
