0.6591349416512009
0.6591349416512009
0.6591349416512009
0.60983902668764844
0.60983902668764844
0.60983902668764844
0.58388550836547826
0.58388550836547826
0.58388550836547826
0.58824976306694399
0.58824976306694399
0.58824976306694399
0.58630928409866268
0.58630928409866268
0.58630928409866268
0.56602088732349543
0.56602088732349543
0.56602088732349543
0.58551832135460247
0.58551832135460247
0.58551832135460247
0.59832484659658747
0.59832484659658747
0.59832484659658747
0.64229873092155021
0.64229873092155021
0.64229873092155021
0.63720342313972578
0.63720342313972578
0.63720342313972578
0.60589666344776483
0.60589666344776483
0.60589666344776483
0.66469630724432638
0.66469630724432638
0.66469630724432638
0.83606426093308861
0.83606426093308861
0.83606426093308861
0.63601348763087096
0.63601348763087096
0.63601348763087096
0.87664337486147936
0.87664337486147936
0.87664337486147936
0.81000557289597053
0.81000557289597053
0.81000557289597053
0.87900717883848456
0.87900717883848456
0.87900717883848456
0.64374055308967237
0.64374055308967237
0.64374055308967237
0.63609710365284777
0.63609710365284777
0.63609710365284777
0.58740006778291776
0.58740006778291776
0.58740006778291776
0.60468718274457522
0.60468718274457522
0.60468718274457522
0.59211485402886121
0.59211485402886121
0.59211485402886121
0.60467505711555103
0.60467505711555103
0.60467505711555103
0.56727991126913635
0.56727991126913635
0.56727991126913635
0.57532440036198929
0.57532440036198929
0.57532440036198929
