0.61716659591660827
0.61716659591660827
0.61716659591660827
0.54230111488481081
0.54230111488481081
0.54230111488481081
0.52492519893647971
0.52492519893647971
0.52492519893647971
0.52307811831251849
0.52307811831251849
0.52307811831251849
0.52051997984496634
0.52051997984496634
0.52051997984496634
0.52425767191114303
0.52425767191114303
0.52425767191114303
0.52145283199852011
0.52145283199852011
0.52145283199852011
0.53493285909898403
0.53493285909898403
0.53493285909898403
0.58078389366755023
0.58078389366755023
0.58078389366755023
0.57208638705591752
0.57208638705591752
0.57208638705591752
0.54616832455076492
0.54616832455076492
0.54616832455076492
0.6185540482759031
0.6185540482759031
0.6185540482759031
0.77696888410016052
0.77696888410016052
0.77696888410016052
0.5803455251193872
0.5803455251193872
0.5803455251193872
0.7944569023434308
0.7944569023434308
0.7944569023434308
0.76114060290246965
0.76114060290246965
0.76114060290246965
0.80387258112034277
0.80387258112034277
0.80387258112034277
0.57135013333587825
0.57135013333587825
0.57135013333587825
0.57468175755191875
0.57468175755191875
0.57468175755191875
0.5349846033816168
0.5349846033816168
0.5349846033816168
0.54447583286470769
0.54447583286470769
0.54447583286470769
0.52630070115204763
0.52630070115204763
0.52630070115204763
0.53748237638972463
0.53748237638972463
0.53748237638972463
0.5347542202193335
0.5347542202193335
0.5347542202193335
0.5453059992302538
0.5453059992302538
0.5453059992302538
