3.4379109939170962
3.4379109939170962
3.4379109939170962
3.4379109939170962
3.4379109939170962
3.4379109939170962
3.4379109939170962
3.4379109939170962
3.4379109939170962
3.4379109939170962
3.4379109939170962
3.4379109939170962
3.4379109939170962
3.4379109939170962
3.4379109939170962
3.4379109939170962
3.4379109939170962
3.4379109939170962
3.4379109939170962
3.4379109939170962
3.4379109939170962
3.4379109939170962
3.4379109939170962
3.4379109939170962
3.4379109939170962
3.4379109939170962
3.4379109939170962
3.4379109939170962
3.4379109939170962
3.4379109939170962
3.4379109939170962
3.4379109939170962
3.4379109939170962
3.4379109939170962
3.4379109939170962
3.4379109939170962
3.4379109939170962
3.4379109939170962
3.4379109939170962
3.4379109939170962
3.4379109939170962
3.4379109939170962
3.4379109939170962
3.4379109939170962
3.4379109939170962
3.4379109939170962
3.4379109939170962
3.4379109939170962
3.4379109939170962
3.4379109939170962
3.4379109939170962
3.4379109939170962
3.4379109939170962
3.4379109939170962
3.4379109939170962
3.4379109939170962
3.4379109939170962
3.4379109939170962
3.4379109939170962
3.4379109939170962
3.4379109939170962
3.4379109939170962
3.4379109939170962
3.4379109939170962
3.4379109939170962
3.4379109939170962
3.4379109939170962
3.4379109939170962
3.4379109939170962
3.4379109939170962
3.4379109939170962
3.4379109939170962
3.4379109939170962
3.4379109939170962
3.4379109939170962
3.4379109939170962
3.4379109939170962
3.4379109939170962
3.4379109939170962
3.4379109939170962
3.4379109939170962
3.4379109939170962
3.4379109939170962
3.4379109939170962
3.4379109939170962
3.4379109939170962
3.4379109939170962
3.4379109939170962
3.4379109939170962
3.4379109939170962
3.4379109939170962
3.4379109939170962
3.4379109939170962
3.4379109939170962
3.4379109939170962
