3.5003910552591284
3.5003910552591284
3.5003910552591284
3.5003910552591284
3.5003910552591284
3.5003910552591284
3.5003910552591284
3.5003910552591284
3.5003910552591284
3.5003910552591284
3.5003910552591284
3.5003910552591284
3.5004621210261577
3.5004621210261577
3.5004621210261577
3.5004621210261577
3.5004621210261577
3.5003999407072204
3.5003999407072204
3.5003910552591284
3.5003910552591284
3.5003910552591284
3.5003910552591284
3.5003910552591284
3.5003910552591284
3.5003999407072204
3.5003999407072204
3.5003910552591284
3.5003910552591284
3.5003910552591284
3.5003910552591284
3.5003910552591284
3.5003910552591284
3.5003999407072204
3.5003999407072204
3.5003910552591284
3.5003910552591284
3.5003910552591284
3.5003910552591284
3.5003910552591284
3.5003910552591284
3.5003999407072204
3.5003999407072204
3.5003910552591284
3.5003910552591284
3.5003910552591284
3.5003910552591284
3.5003910552591284
3.5003910552591284
3.5003999407072204
3.5003999407072204
3.5003910552591284
3.5003910552591284
3.5003910552591284
3.5003910552591284
3.5003910552591284
3.5003910552591284
3.5003999407072204
3.5003999407072204
3.5003910552591284
3.5003910552591284
3.5003910552591284
3.5003910552591284
3.5003910552591284
3.5003910552591284
3.5003199487480989
3.5003199487480989
3.5003199487480989
3.5003199487480989
3.5003199487480989
3.5003199487480989
3.5004621210261577
3.5004621210261577
3.5004621210261577
3.5004621210261577
3.5004621210261577
3.5004621210261577
3.5003199487480989
3.5003199487480989
3.5003199487480989
3.5003199487480989
3.5003199487480989
3.5003199487480989
3.5004621210261577
3.5004621210261577
3.5004621210261577
3.5004621210261577
3.5004621210261577
3.5004621210261577
3.5003199487480989
3.5003199487480989
3.5003199487480989
3.5003199487480989
3.5003199487480989
3.5003199487480989
