3.4117138332594021
2.9495401915739334
2.6843130011932184
3.2424800840339483
3.1444313796004062
3.3232846937949012
2.4429354476875016
3.1049272782012931
2.9276948709697423
2.571633684490406
2.663628181172677
3.2189182402491827
2.750805512622525
2.825727442007731
3.6561414021862708
3.0226025858670886
2.6043526723220105
2.5030675775583173
2.9355110390067209
3.5415161491285039
3.0812278305153566
3.7300622269454551
3.0154279470068222
3.2786549682842407
3.566331823527372
3.4703816500232798
2.7733341237636102
2.9932689040979432
3.4305939453860561
3.9671106596858494
2.8334679095009965
3.3501987487257265
2.9018555918663407
3.6446263096265743
3.2554339793899354
3.155168493732361
