3.2022841146030685
2.8606225691467881
2.6885613065251048
3.0815069796184704
3.0038609101650744
3.1336250861128998
2.5537860383481799
2.9339315121853664
2.7691185080869309
2.5590820701239028
2.57974468445975
3.0119493777815096
2.7005780718294261
2.7237314159769355
3.4474219152985528
2.8900132606571378
2.6416707800546351
2.5519821237842084
2.9554303500777199
3.328724370160868
3.0180441101906492
3.5158243147805051
3.0041580348094401
3.180057612255375
3.4004673160367331
3.3235883953458831
2.8630082981923488
2.8968070380629651
3.2532803835197019
3.7533323789107835
2.8638904593214374
3.209871891830677
2.8735465604866461
3.4506541042054883
3.0886391875260868
3.0426033183103272
