3.5873007470778964
3.5379761326650838
3.5157809184085407
3.520715104308267
3.4687354963985144
3.4194108819857019
3.3972156677291587
3.402149853628885
3.4080600110718251
3.3587353966590126
3.3365401824024694
3.3414743683021957
3.4051978440985815
3.3558228048927718
3.3335771658432316
3.3384609269499608
3.3704740882129602
3.7637469673288209
3.7637469673288209
3.5873007470778964
3.5873007470778964
3.4687354963985144
3.4687354963985144
3.4080600110718251
3.4080600110718251
3.7144160481805653
3.7144160481805653
3.5379761326650838
3.5379761326650838
3.4194108819857019
3.4194108819857019
3.3587353966590126
3.3587353966590126
3.6922145291885791
3.6922145291885791
3.5157809184085407
3.5157809184085407
3.3972156677291587
3.3972156677291587
3.3365401824024694
3.3365401824024694
3.6971424103528623
3.6971424103528623
3.520715104308267
3.520715104308267
3.402149853628885
3.402149853628885
3.3414743683021957
3.3414743683021957
3.7291996916734158
3.7291996916734158
3.5527786903642635
3.5527786903642635
3.4342134396848816
3.4342134396848816
3.3735379543581923
3.3735379543581923
3.7883863731502396
3.7883863731502396
3.6119716765765304
3.6119716765765304
3.4934064258971484
3.4934064258971484
3.4327309405704591
3.4327309405704591
3.4604564939076421
3.4111823342224041
3.3890375746934356
3.3940222153207369
3.4261362561043081
3.4853796970441491
3.4051978440985815
3.3558228048927718
3.3335771658432316
3.3384609269499608
3.3704740882129602
3.4296166496322296
3.4604564939076421
3.4111823342224041
3.3890375746934356
3.3940222153207369
3.4261362561043081
3.4853796970441491
3.4051978440985815
3.3558228048927718
3.3335771658432316
3.3384609269499608
3.3704740882129602
3.4296166496322296
3.4604564939076421
3.4111823342224041
3.3890375746934356
3.3940222153207369
3.4261362561043081
3.4853796970441491
