-8.106537646127263
4.390509914789943
3.920854671955372
3.653809745537749
3.4674552619118124
2.6642977102241803
2.6361165372959716
2.5990739080816776
2.5956350225104
2.4398602083673406
2.4179573181411476
2.58883294179537
2.499261015451651
2.430383299840985
2.3955626040515585
2.2695743033137727
2.2464158852546783
2.239666849949977
2.4855154160816033
2.474511600269394
2.4648789555599526
2.43976928339102
2.3818141040645915
2.359420745860819
2.323177617869993
2.3237288130167912
2.289955379345674
2.2547823010133574
2.2372510455685517
2.2321312217768847
2.2337006219204367
2.3856056037301383
2.363868876516376
2.3704513351178718
2.3552163596596563
2.3967023817156887
2.380085563101697
2.361727970751085
2.455165396924119
2.446016751184289
2.431739858961407
2.258682219794812
2.2237505603012178
2.1907556243119486
2.3139810229559474
2.3118450880928054
2.3125560197206316
2.3140916280782653
2.3201759980901615
2.2901155882408655
2.247929220384267
2.2528110720743557
2.2910347453767383
2.277913812564582
2.261949387897855
2.252271532909258
2.155107476528549
