task datadecide seed 2 seconds 2891.0 groups 25 inputs N,ln_N
chosen: f = sqrt(exp(cos(#2 * -0.4777677834237472) * exp((cos(#2 * -0.5181541397596655) * 0.42261771287848904) * exp(#3)))); p1 = [0.44931014061196456, -1.332670748510532, -1.4128280631484373, -0.47198160192480626, -0.17042319745742926, -0.759183276451928, -0.8131332124840266, -0.5434340730520388, 0.03407110585821688, 0.005283826983148169, -0.9921416933745035, 0.5022055106725161, 1.3027330292588282, -0.1845738846086521, 1.4057169634227094, 1.2171773227180582, 1.6527889945755707, -0.9396281115823697, 0.13314725347980524, -0.6109783932313166, -0.5067900801033519, -0.25589922333445536, -0.522715020120444, -1.2851701804722744, -4.784385292580534]; p2 = [-0.6483529673060299, -0.6190160825981809, 0.8334923541613036, -0.7114382091151117, -1.2864005717129776, -0.9227838787384501, 0.03064320040026355, 0.949307174905307, -1.1502534474933728, 0.47556357174799074, 0.7877644144649284, 0.08644897496657773, -1.486351709387721, 0.23180529094552774, -0.4736235035966257, -1.3546332975294328, -0.778398968299757, 0.4311210376845476, 0.054407076733211004, 1.2388019069219824, 1.734116721145595, -0.6335382870033184, 0.03779695895085606, -0.3742499386505069, -2.0971644145040838]; p3 = [-0.5814942292640942, -0.4724170989447583, -0.38785252754460187, -0.9307155626920237, 0.03821671850407016, 1.3194819200757584, 1.1777637622169126, -1.1092085496821986, 0.14372244338435528, 0.2507591315712262, -0.9623212381579337, -1.8911342693381654, -0.6055102510985457, 0.21378711716519858, -0.26300171501960207, -6.111929153602251, -0.03622240667833955, -0.6958276502722494, 0.41562696426884127, -0.08431663296322722, -1.1286048048590307, -0.831346058996182, -0.07227251199335377, -0.23366667873155975, 0.006183555069459637]; p4 = [1.0685730049994608, 0.1873311569920082, -0.8039829721535584, -0.8512711249219116, -1.8263829279742538, -0.0539509358870812, 2.0666859191725666, 1.4589788394174008, -0.2100713540198897, -0.6426595606714581, 2.0266092008358307, 1.7100989139953913, 2.929617204931512, -0.26263675606599335, 0.4403781587659372, 0.030804179226718777, -0.6104942784425226, -0.004076822168124852, -3.5320223089724734, 0.6348824789012608, 1.4313646779765312, -0.22919140956743317, 1.2096486118900236, 0.3306203786930464, -0.2714258475915164]
front:
  1  0.04753877151872499  f = #3; p1 = [0.9743025193109282, 0.8985543739192356, 0.8675863618000816, 0.8725460511858913, 0.8701608138950099, 0.8747141562254448, 0.8781589539127836, 0.8844504733626023, 0.8973166052429515, 0.8929110206171219, 0.891109944362892, 0.933100785973968, 0.9875838829407401, 0.9260211417875372, 0.9950786637311042, 0.9895143622520873, 0.9980669939763112, 0.9261979248586742, 0.9353261526121168, 0.9060180949427014, 0.9197004886855854, 0.884917865761392, 0.8994905636792287, 0.9093186918901208, 0.9278461087171883]; p2 = [0.6502619825689211, -0.2280341627864744, -0.09848938395850548, -0.4617186466118092, -0.13087337475571256, 1.180044097988526, 0.0062583507375445395, 0.4088877818827181, -0.5721557576332794, 0.28912830601166295, 0.6525450092670174, -0.056961330871769876, -2.044282707603209, 0.45936238369842086, 0.2559524022077012, 1.1406695910563214, -0.4670265811401299, -0.797631931000322, -0.0027607093264625333, -0.7715761680981769, 2.2538751743514025, -0.23919395658180317, 0.04220301390814309, -0.5145331270682426, -3.63239673735799]; p3 = [-0.7144527139821414, 0.8051140019041422, 0.2013589392712817, 0.9086770044573316, -0.017764177045858642, 1.2016412349715875, -0.5549908633819445, 2.529483725846306, -0.20481508795617012, -0.20104594779715693, 0.9351140592909954, 1.3944867132465573, 0.9304167485647944, -0.18383131204599357, -0.09856173735716477, -6.614851943629152, -0.056044101007643475, 0.580611458499499, 0.7460338377658107, 0.14353804286808855, -1.4469149023265004, 1.1201552069718481, -0.06090144866541665, -0.42642727106414546, 0.008558382375184461]; p4 = [-0.6359594806313438, -0.37124592656471594, -0.6380404292301434, 0.27221887544247025, -1.5212221113494941, -0.049383580351639936, 0.3443695926024058, -0.9261320329285155, 0.27861525955840005, 0.23097624869911373, -2.736336623551267, 0.9242101420975706, 0.2800571446924985, -0.17061083354872814, 0.3907433745395086, -0.013755981017015686, -0.6307209264104383, 0.0070622418839873325, 0.3264843908357264, -0.4126326896985532, 1.548532977064193, -0.32843911376038026, -1.4472617428866998, -0.21938603844554824, -0.3114103083424165]
  3  0.045841958920993416  f = 0.9940428382282224 ^ #2; p1 = [0.8916211257397739, -0.5883340536926157, 0.8957239480983987, 0.41120231800234774, 0.32649222065201794, 0.3959471344625285, 0.05063792949271323, -1.1120267180356445, 0.014915193406506995, 0.9563179871474079, 0.28218961076114174, -0.585095363397488, 0.8116448349519481, -0.5100946140876758, -1.268771604992075, -0.036330447892163054, 3.147026160388835, 0.7669399707291742, 0.2987723025979467, -0.778370298114944, -0.7655481780073551, -0.1454228379247969, 0.41561477831667765, 0.5366473573994344, -0.060559006241886454]; p2 = [1.2228371844218482, -0.604283937410295, -0.12347203106257916, -1.107094856772417, -0.7970892641008578, 0.8718918350822377, 0.025140844134854342, -1.5244283733657735, 1.122566317139998, 0.9057088020795714, -0.9920002817521534, -0.0614395115951059, 3.5455033951325534, 0.48738006461866246, -0.33763605669196967, -1.4078755959788583, -0.6818519793567842, -0.2673624131767944, -0.03789691300380409, 1.0096138791205593, -1.8480560697007657, -0.17333986968818946, -0.018661052194153312, -0.3045642069780082, 1.9107408878745655]; p3 = [0.31683822242759824, 1.2467910202471342, -0.034445113468602656, -0.5252916889313773, 0.02072437919213165, -0.5531286885936929, -0.9106077334683708, -2.510224265864973, 0.11687122414868512, 0.8058555749402956, -1.7482296493203366, -0.6729649566667795, -0.6211201210002233, -0.14698151953407915, -0.10815442912933389, -8.531702705030936, 0.14882213893449867, 0.5121288019222107, -0.7224681163102324, -0.08967748032325909, 5.682209673970128, -0.286057302295071, 0.06681426942144149, 0.11682664815023952, -0.006183047993775874]; p4 = [-0.7221204009482358, 3.067183836012097, 1.9373818941755705, 0.6488788675376911, 1.9373586201463278, 1.5796960525211743, 2.2351333961527886, 1.1483078400581965, -0.22535757655402025, 0.3687319888613598, 1.5321607388291036, -1.7019576835794195, -7.416087967445141, 0.5756942529874172, -6.788519159056647, -4.039038714653742, -11.909174043860505, 0.5094638849683105, 0.032402323256700394, 1.377456849279817, 1.9625945758081866, 3.64338967125893, -0.6743287920900531, 0.7462605012224423, 1.9518526855191123]
  4  0.0233370817169637  f = sin(#2 * 0.11714195586171491); p1 = [-1.0952886058381635, 1.3861845091636014, 4.360623926940007, 0.27945082245695246, -0.31919480085047647, 0.7860226012843798, 0.13679882887171177, -0.11729244330609971, -0.005672702327349701, -0.010870155698549162, 0.3210974223917237, -0.5231307436012307, -0.4571795674977825, 0.428084426208643, -0.364096078753757, 0.02615711743905959, -1.7168802792429998, 0.4297538531760776, -0.4350529212582982, 0.03212419644732263, -0.017079219731523775, -0.016514534128875668, 0.07560748160816161, 0.3753634505043942, 20.081392968335898]; p2 = [0.20678586549955008, -0.41916512609705253, 0.10975663975875487, 0.025166886770517, 0.17175119998784757, -0.5066809027511676, 0.001019356126317778, -0.701847232699808, 0.798864856882939, -0.8344519945568604, 0.6603643105686127, -0.6057559857178796, 1.1104152753530072, -1.1468351635869196, -0.16393196838511628, -0.3447822350830278, -3.8240794365644506, -0.019984752952576006, -0.04030858788025301, -1.3105973900391157, 0.1054550724960863, -0.05483032243442862, 0.008955220512654327, 0.08012025720666649, -0.16403502526571295]; p3 = [-0.03792301404901764, 0.6727639268194657, -0.0704421745043975, 0.2901321826165891, 0.005317214880886926, -0.06740535658269624, 0.5439979675748916, 0.838466478302996, -0.021773448830000333, 1.3064684096035615, 0.14778404596335065, -0.030258441430191782, 0.23049525933466208, -0.13297857021595397, -0.7283846557815967, 5.428960951597606, 0.03538413313986085, -0.08263388001584655, -0.16259307245694388, -0.23706707991797782, -0.05043297120026443, 0.22445844586314842, 0.01230111391995456, 0.22534920541976353, -0.005162433712329183]; p4 = [3.1293753741655057, 0.9670077755408591, 2.955458315555941, -2.9613223904537405, -0.08933620183076903, 0.06728665483568462, 8.0215300291885, 0.020710035408722495, -0.006786918672752947, -0.32203190307827895, 1.2018594325913259, -6.101531228015946, -2.7260538149125413, 1.566933025620644, -0.08587902549568147, -0.0033637000837852997, 0.21399826222431975, -0.002556962808688646, 2.7244282243298206, 0.04840383310525533, -3.6030597767367762, 0.34052268080201026, 1.702872162497138, 0.681582303125446, 0.1314099654557223]
  5  0.0065099036542427165  f = (37.61236668920328 / #2) + -1.2499942761766456; p1 = [-0.4245523314587364, 1.903667836823564, 1.3569113510381576, 0.19464749182137756, -0.9722637454631252, 0.6171193097465902, 0.7226270213334006, 0.4491464071389381, 0.011160711662810768, 0.3403345563630029, -1.0806922404389927, -1.1395300154562544, 0.7475071224783426, 0.4672087307092177, 0.6758958034137786, 0.05433491812661332, 1.7400128023502586, 1.0320365624479302, -0.30652274452435646, -0.5752156825200949, 0.6479666655802248, 0.1324895117097942, -0.5636200057056844, 1.3142221807391776, -4.181901506725668]; p2 = [-0.6523846655319746, -0.5898660837775016, 0.6695117122490231, 0.5091809741722283, -2.1656571410494396, 1.3561121576779496, -0.01917430807139026, 0.9383060242764844, -1.3391780364524397, 0.4841126637646629, -0.6036514647046524, -0.0851201331319198, -1.3114119334197682, 0.3146661789496338, -0.4272912955212241, -1.9102945191689802, 0.7339807932305016, -0.41879203263176157, 0.0390154644881075, 1.2020475336319283, 1.5434190999865922, -0.3665229828093324, -0.041405300993649544, 0.49782746200936406, 2.268705662747857]; p3 = [0.19996056174546634, -0.39207094884482124, 0.45358295773888885, 1.219764700689199, 0.447613353057121, 0.9432202986944757, 1.4392197004275764, -1.2590707431980497, -0.3292313370663176, -0.0221346770802082, 1.158753319475591, 2.0036662611590748, 0.03667457786670546, -0.2547507679037899, 0.3231179728320613, -5.2066017295748095, -0.013933649341584413, 0.4618930906841528, -0.400403720051539, -0.21924827341892533, 1.3641997370904202, -0.334429428487147, 0.4452980195907094, -0.024743205683349055, 0.05618003283816554]; p4 = [0.036625355750055565, 0.3995782531655333, 0.31088549049383335, -2.1107744275697042, 2.3227068294056137, 0.4145384176684892, 0.982908863550569, 1.1086775314015411, 0.12029845984079149, 0.1990430182179487, -1.553716374046718, -1.372860903315274, -0.7983925544193234, 0.16332164063477206, -0.8101717264536008, 0.7112672706099963, -2.122063422797168, 0.24320878236403906, -2.791101277482291, 0.45532114846255384, 2.238234150034983, 0.41717097073328807, 0.4507041797323459, 0.38226942126236596, 0.44661546887730097]
  7  0.00518761900499387  f = exp(cos(#2 * -0.47455778601216975) * 0.4035698548945777); p1 = [0.454710462221818, -1.4124017154172326, -1.4354856967671532, -0.2853230868792591, 0.7616933059633534, -0.6962863378928987, -0.7396313209911378, -0.4429843745853573, -0.0015310234942032973, 0.2773687276915527, -1.0711807478438715, 1.1429772481083924, 0.7892841645019288, -0.37829175028634654, 0.6535453575423181, 0.1292976848477162, 2.1141684686982716, -1.1048707358926602, 0.2433331600357291, -0.588164152419327, -0.5296069560311585, 0.09476766054826515, -0.4719301366578663, -1.340834090951892, -4.79194093663991]; p2 = [0.7216531419996453, -0.6336575089127778, 0.6217578021236548, -0.5892379775099946, 1.7740172132758465, 0.8999547174899302, 0.030482807880466443, 0.9423997733412844, -1.172338882070062, 0.3420474931950249, 0.8599364905143098, -0.09609790624324833, -1.6058886307907427, 0.3042334546872835, 0.5254090593197003, 1.5290117737174076, -0.8419421879871642, -0.44405902470907055, -0.04627111136883911, -0.9917913515191495, 1.5341041229266406, -0.3592125250406593, 0.03226181437532259, -0.3432094668975072, -2.341344752623898]; p3 = [-0.5842201011273819, 0.46093902913540397, 0.3548708123239781, 0.815408493613842, -0.011936571802310843, 1.2527429044434717, -1.272437716707941, 1.223226669057874, -0.14479415418707098, -0.27059499822902394, 1.0639184704922346, 1.7796296198378456, 0.6114289163845208, -0.19932802017713147, -0.2291734050820503, -5.480263698382437, -0.050326402080104075, 0.7454667553357441, 0.431483521814506, 0.07828300231956954, -1.1299418393848228, 0.8016571531024279, -0.07877615319019596, -0.24504213077875772, 0.012596860283965769]; p4 = [1.0302171638666793, -0.2055444934831102, 0.9086063323240223, -0.9711559474976382, -1.8464700138595826, 0.06048643521331163, 1.9627383968357883, 1.4728968533899498, -0.16428598787235033, -0.6936766046671868, 1.613829085758854, -1.7678272339404828, -2.2313022927429462, 0.25410819127728945, -0.4328587772273332, 0.0247324272017539, 0.5249957791449358, -0.003636731466110426, 3.4144411901777936, 0.6119573775931398, 1.7162560431728378, 0.253043874282241, 1.015020796548241, 0.2538727277119926, 0.24868248066318357]
  8  0.005187619004993867  f = sqrt(exp(cos(#2 * 0.4745577859591247) * 0.8071397103151964)); p1 = [0.5718036964851785, -1.1245767696738007, -1.3363054094955982, -0.3100596207248736, 1.392222319414972, -1.0796367783471406, -0.15328489724072591, -0.5165372402765085, 0.015474693335543091, 0.24887935699000208, -1.4450904397499469, 1.3720286322630655, 0.921458639301256, -0.6259165732463979, 0.6381116544357315, 0.038616465756246436, 1.5163997746326752, -0.5316039882225922, 0.3468955611524905, -1.0408791637157986, -0.6944205061644815, 0.20042669276878666, -0.26618849904012515, -0.8968153694210859, 0.3504032170993977]; p2 = [-0.7070682860591799, -0.4441761025471897, -0.41730910016547795, -0.42103847351411644, 0.3929569712729495, 0.39906564786341986, 0.03310210691583048, -0.4187013278552247, 0.7075899502599416, -0.6903825278562317, 0.5091822942885764, 0.8625042593951625, 1.5957457013076763, 0.6243179100275368, 1.567031633470099, 1.594379870193156, 1.5736513247489807, 0.5242276161229213, 0.05550532716293726, -0.381782096435347, -0.39503062251704396, 0.4022255140467538, 0.10402057196050575, 0.39076030120143335, 0.1963883060945624]; p3 = [-0.35894260584155624, -0.6778873517764434, -0.43161123510960525, 0.44248193841520095, 0.29547215468775656, 0.27356407739035415, 1.7285908756563977, 0.9729504077868159, -0.3874421021241391, -0.13193801001349567, 0.1724960509107425, 1.8146559597327008, -0.08201147713471188, -0.12142325796988254, 0.16382269658961016, -1.565913420670536, -0.5730754243745323, -0.6257645908689777, 0.1492164683139487, -0.14317081434974066, 2.4164502241341435, -0.30539481953373127, 0.26738839468942566, 0.06006014909156974, -0.0433858864799844]; p4 = [-0.814067107478007, 0.2216129634258702, 0.3084625354940399, 0.16134055074722764, 3.2213405047875296, -0.056711995662773185, 3.03163753104373, 0.20689690608643932, 0.7908804769895401, -0.7152211323533106, 0.31539218651281486, 2.2478813486895746, 1.5709684421474983, 0.5591133625616607, 1.5679659742381402, -1.5716784690750512, -1.5445935502119368, -0.047966328207346136, -2.7438986171427695, -0.13581136678985176, -0.1974866746990926, -0.003140432158283371, -0.11231251999810059, 0.03465534952283103, 0.0825494190634978]
  9  0.004471217941597921  f = sqrt(exp(cos(#4) * cos(#2 * 0.4751268534708788))); p1 = [0.5718036964851785, -1.1245767696738007, -1.3363054094955982, -0.3100596207248736, 1.392222319414972, -1.0796367783471406, -0.15328489724072591, -0.5165372402765085, 0.015474693335543091, 0.24887935699000208, -1.4450904397499469, 1.3720286322630655, 0.921458639301256, -0.6259165732463979, 0.6381116544357315, 0.038616465756246436, 1.5163997746326752, -0.5316039882225922, 0.3468955611524905, -1.0408791637157986, -0.6944205061644815, 0.20042669276878666, -0.26618849904012515, -0.8968153694210859, 0.3504032170993977]; p2 = [-0.578346234863891, -0.5971154226133131, 0.2167174443094736, 0.5669485346936343, -0.5179655044469218, -0.4132129806391057, -0.016496121719947517, -0.46958511609796655, -0.7193666151663209, 0.4089888341286747, 0.5558225868028555, 0.17692921284963903, -0.9206320498505963, -0.24082550602959152, -0.5470643483297284, -0.6261983108088648, -1.0941147512891805, 0.38452094470236753, -0.01920824800308902, -0.610163647542781, 0.4643621259595074, -0.40223469087899294, 0.04621723274275266, 0.4319893881539444, -0.09956947759621601]; p3 = [0.3949940126382852, 0.5698740093846448, -0.43161123510960525, -0.4699272182634992, -0.3285083773342389, -0.28681543106128166, -1.5211204212638136, -1.1009355090828363, 0.38906611295784815, -0.13193801001349567, 0.1724960509107425, -1.6925366109204567, 0.08219821855531426, -0.12142325796988254, -0.17332051201975487, 1.5374548847713918, 0.5201277626370161, 0.642558168851813, -0.13763495253192573, 0.1373042615094243, -2.0365174238502544, 0.3118534071472593, -0.25508450919158193, 0.06006014909156974, -0.0433858864799844]; p4 = [-0.814067107478007, 0.2216129634258702, 0.3084625354940399, 0.16134055074722764, 3.2213405047875296, -0.056711995662773185, 3.03163753104373, 0.20689690608643932, 0.7908804769895401, -0.7152211323533106, 0.31539218651281486, 2.2478813486895746, 1.5709684421474983, 0.5591133625616607, 1.5679659742381402, -1.5716784690750512, -1.5445935502119368, -0.047966328207346136, -2.7438986171427695, -0.13581136678985176, -0.1974866746990926, -0.003140432158283371, -0.11231251999810059, 0.03465534952283103, 0.0825494190634978]
  10  0.0033687374369423067  f = sqrt(exp(cos(sin(#4)) * cos(#2 * 0.47547411858232524))); p1 = [0.5718036964851785, -1.1245767696738007, -1.3363054094955982, -0.3100596207248736, 1.392222319414972, -1.0796367783471406, -0.15328489724072591, -0.5165372402765085, 0.015474693335543091, 0.24887935699000208, -1.4450904397499469, 1.3720286322630655, 0.921458639301256, -0.6259165732463979, 0.6381116544357315, 0.038616465756246436, 1.5163997746326752, -0.5316039882225922, 0.3468955611524905, -1.0408791637157986, -0.6944205061644815, 0.20042669276878666, -0.26618849904012515, -0.8968153694210859, 0.3504032170993977]; p2 = [0.6709544907171628, -0.4441761025471897, -0.41730910016547795, -0.42103847351411644, 0.3929569712729495, 0.39906564786341986, 0.03310210691583048, -0.4187013278552247, 0.7075899502599416, -0.6903825278562317, 0.5091822942885764, 0.8625042593951625, 1.5957457013076763, 0.6243179100275368, 1.567031633470099, 1.594379870193156, 1.5736513247489807, 0.5242276161229213, 0.05550532716293726, -0.381782096435347, -0.39503062251704396, -0.38050870906541967, 0.10402057196050575, 0.39076030120143335, 0.1963883060945624]; p3 = [-0.35894260584155624, -0.6778873517764434, -0.43161123510960525, 0.44248193841520095, 0.29547215468775656, 0.27356407739035415, 1.7285908756563977, 0.9729504077868159, -0.3874421021241391, -0.13193801001349567, 0.1724960509107425, 1.8146559597327008, -0.08201147713471188, -0.12142325796988254, 0.16382269658961016, -1.565913420670536, -0.5730754243745323, -0.6257645908689777, 0.1492164683139487, -0.14317081434974066, 2.4164502241341435, -0.30539481953373127, 0.26738839468942566, 0.06006014909156974, -0.0433858864799844]; p4 = [-0.814067107478007, 0.2216129634258702, 0.3084625354940399, 0.16134055074722764, 3.2213405047875296, -0.056711995662773185, 3.03163753104373, 0.20689690608643932, 0.7908804769895401, -0.7152211323533106, 0.31539218651281486, 2.2478813486895746, 1.5709684421474983, 0.5591133625616607, 1.5679659742381402, -1.5716784690750512, -1.5445935502119368, -0.047966328207346136, -2.7438986171427695, -0.13581136678985176, -0.1974866746990926, -0.003140432158283371, -0.11231251999810059, 0.03465534952283103, 0.0825494190634978]
  11  0.0032815027796503585  f = sqrt(exp(cos(#2 * 0.47593986583139886) * cos(#4 * 0.7444641330650352))); p1 = [0.5718036964851785, -1.1245767696738007, -1.3363054094955982, -0.3100596207248736, 1.392222319414972, -1.0796367783471406, -0.15328489724072591, -0.5165372402765085, 0.015474693335543091, 0.24887935699000208, -1.4450904397499469, 1.3720286322630655, 0.921458639301256, -0.6259165732463979, 0.6381116544357315, 0.038616465756246436, 1.5163997746326752, -0.5316039882225922, 0.3468955611524905, -1.0408791637157986, -0.6944205061644815, 0.20042669276878666, -0.26618849904012515, -0.8968153694210859, 0.3504032170993977]; p2 = [0.6772807389132222, -0.4459705784091192, -0.4197207961069303, -0.422612722725212, 0.3943124101826004, 0.40058098830779587, 0.03328610442800721, -0.42022406675037766, 0.7135466482889571, -0.6948209984061834, 0.5118268533705805, 0.8693618406929682, 1.6006683052117165, 0.6288137622190845, 1.579756500649882, 1.5983825481411555, 1.5897264074210382, 0.5268938096776119, 0.05609848234269955, -0.3829783014232993, -0.39630457069085134, -0.38165283288174867, 0.10470650835221136, 0.3920083613389613, 0.19741883372237948]; p3 = [-0.35894260584155624, -0.6778873517764434, -0.43161123510960525, 0.44248193841520095, 0.29547215468775656, 0.27356407739035415, 1.7285908756563977, 0.9729504077868159, -0.3874421021241391, -0.13193801001349567, 0.1724960509107425, 1.8146559597327008, -0.08201147713471188, -0.12142325796988254, 0.16382269658961016, -1.565913420670536, -0.5730754243745323, -0.6257645908689777, 0.1492164683139487, -0.14317081434974066, 2.4164502241341435, -0.30539481953373127, 0.26738839468942566, 0.06006014909156974, -0.0433858864799844]; p4 = [-0.814067107478007, 0.2216129634258702, 0.3084625354940399, 0.16134055074722764, 3.2213405047875296, -0.056711995662773185, 3.03163753104373, 0.20689690608643932, 0.7908804769895401, -0.7152211323533106, 0.31539218651281486, 2.2478813486895746, 1.5709684421474983, 0.5591133625616607, 1.5679659742381402, -1.5716784690750512, -1.5445935502119368, -0.047966328207346136, -2.7438986171427695, -0.13581136678985176, -0.1974866746990926, -0.003140432158283371, -0.11231251999810059, 0.03465534952283103, 0.0825494190634978]
  12  0.003258435303531004  f = sqrt(exp(cos(#2 * -0.47542422603043355) * exp(exp(#3) * -0.1955424072722209))); p1 = [0.44485413531607604, -1.3396557483888336, -1.4137092508273543, -0.45569752485548887, -0.1287703110167565, -0.7506479545741953, -0.8056647830087965, -0.5323441731438893, 0.04457818125965828, 0.02282508155653158, -0.9991326728354876, 0.5157824993303222, 1.2744537936947746, -0.19929094640809628, 1.3712325048748844, 1.1545294774584218, 1.6943887612604192, -0.9574750169698548, 0.14083192059392735, -0.60894046211067, -0.5104713553956376, -0.2312831423176738, -0.5184287245766563, -1.2895511806777726, -4.784875041271559]; p2 = [-0.6483529673060299, -0.6190160825981809, 0.8334923541613036, -0.7114382091151117, -1.2864005717129776, -0.9227838787384501, 0.03064320040026355, 0.949307174905307, -1.1502534474933728, 0.47556357174799074, 0.7877644144649284, 0.08644897496657773, -1.486351709387721, 0.23180529094552774, -0.4736235035966257, -1.3546332975294328, -0.778398968299757, 0.4311210376845476, 0.054407076733211004, 1.2388019069219824, 1.734116721145595, -0.6335382870033184, 0.03779695895085606, -0.3742499386505069, -2.0971644145040838]; p3 = [-0.5814942292640942, -0.4724170989447583, -0.38785252754460187, -0.9307155626920237, 0.03821671850407016, 1.3194819200757584, 1.1777637622169126, -1.1092085496821986, 0.14372244338435528, 0.2507591315712262, -0.9623212381579337, -1.8911342693381654, -0.6055102510985457, 0.21378711716519858, -0.26300171501960207, -6.111929153602251, -0.03622240667833955, -0.6958276502722494, 0.41562696426884127, -0.08431663296322722, -1.1286048048590307, -0.831346058996182, -0.07227251199335377, -0.23366667873155975, 0.006183555069459637]; p4 = [1.0685730049994608, 0.1873311569920082, -0.8039829721535584, -0.8512711249219116, -1.8263829279742538, -0.0539509358870812, 2.0666859191725666, 1.4589788394174008, -0.2100713540198897, -0.6426595606714581, 2.0266092008358307, 1.7100989139953913, 2.929617204931512, -0.26263675606599335, 0.4403781587659372, 0.030804179226718777, -0.6104942784425226, -0.004076822168124852, -3.5320223089724734, 0.6348824789012608, 1.4313646779765312, -0.22919140956743317, 1.2096486118900236, 0.3306203786930464, -0.2714258475915164]
  13  0.0032348837015674023  f = exp((cos(#2 * -0.4754162307802406) * exp(exp(#3) * -0.20705441281227885)) * 0.5042105065211738); p1 = [0.44812098199582845, -1.3354729525850364, -1.4124953199587076, -0.45910696466779255, -0.13767165915525567, -0.7596922041130969, -0.8189993103376281, -0.5418414655307627, -0.039946148983644625, 0.011116762614862972, -0.9855278080805299, 0.5520446583588771, 1.3068402357890396, -0.2027037495887058, 1.396794036473084, 1.2400160309661818, 1.5562777130153616, -0.9289518629888261, 0.1180506904112055, -0.605406765376094, -0.5015127997118504, -0.24415424568740562, -0.5181136301399419, -1.29035055166179, -4.784986165632093]; p2 = [0.6507319113002118, 0.5556614156743265, -0.7329747869580193, 0.6094148592963201, 1.508960694131724, 0.963473753467718, 0.028339907998590787, -1.034136095463345, 1.1834651449055458, -0.436759974679879, -0.9355036849923217, 0.08644897496657773, 1.3214031503801018, 0.23532614965915005, -0.4736235035966257, 1.317743524852017, 0.852505632744276, -0.3655673296764403, -0.056124181533523505, -1.3068283335904587, -1.7151060078002853, 0.5596075641883308, 0.031851765808377064, 0.31650219794745055, 2.281696457706926]; p3 = [0.7041870183184104, 0.4335837173321855, 0.43225544026594026, 0.8626129085543078, 0.03773206500334089, -1.0792895840838803, -1.5889821116737988, 1.3252328472710064, -0.16551163329689778, 0.22078252283387292, -1.2748446743764892, -1.791331599056483, -0.5938940489816464, 0.19824790597561662, -0.2618674849601167, -6.166165554545885, -0.02822123307003446, -0.8113639586298188, 0.3943898106504443, 0.0951747777064436, 1.0472946085240105, 0.6207712963544537, -0.060487259802094094, -0.2782679713998403, 0.006452355700906959]; p4 = [-0.918255266585875, 0.17789853160149327, -0.7992317676237565, 0.8742622748687058, 1.89858411808808, -0.05803467618608643, 2.2351618728902283, 1.3347459089683043, -0.16821288588999297, 0.7088701875645542, -1.6931532860442022, -1.3725853948629556, 2.5047042016704895, -0.2592379568955259, 0.5328086706338951, 0.02704720583687802, 0.5732561392359622, 0.003625075869508136, -3.236609613708874, 0.6595976861468968, 1.40883711919058, 0.23400323177853932, -1.1852724203360119, 0.2668699872054989, -0.3019097374413185]
  14  0.0030919116886960803  f = sqrt(exp((cos(#2 * 0.480713228752947) * cos(cos(#6 + 0.8082858170362838))) + 0.06861719928337358)); p1 = [0.49454299413780767, -1.6287030792121533, 1.3569113510381576, -0.22058598352358427, 0.8115155955949566, -0.590850858689483, -0.7427491862752112, 0.4874717483358132, 0.011722197693581803, -0.29306050239563003, -1.0820107196330377, 1.057345480892401, 0.7475071224783426, -0.5034325711474043, -0.6751220366057138, 0.053534415737359925, -1.956396854617559, -1.0559898563778252, 0.3197554721263111, 0.6257221028135773, 0.5868349977658658, -0.14527359709314588, 0.5064368876559561, -1.181326002133709, 4.202621326412837]; p2 = [0.6923298410435226, 0.6090636874785886, -0.7081524647096837, -0.5024722189589824, 2.084094804961807, 1.0563474402234152, 0.02224468693332964, 1.0545041621367932, -1.1735315555906498, -0.3629564571431596, -0.7625189573888035, -0.09786883580478778, 1.6338885588848546, 0.2566623906561857, 0.46142546611886326, 1.9778444623453981, -0.8231432191127342, -0.4021341198615826, -0.042381078097718364, 1.1544993573305202, -1.4633383323665001, 0.3648375750890919, -0.03240720839803774, -0.43576848124722484, -2.2188939424210496]; p3 = [0.19996056174546634, -0.39207094884482124, 0.45358295773888885, -1.2480236816804764, 0.447613353057121, -0.8418216417322844, 1.4392197004275764, -1.2590707431980497, -0.3292313370663176, -0.0221346770802082, 1.158753319475591, -2.143563502364159, 0.03667457786670546, -0.2547507679037899, -0.33536789595291144, -5.2066017295748095, -0.013933649341584413, 0.4618930906841528, -0.400403720051539, 0.22986722171184373, 1.3641997370904202, 0.28617401868439063, -0.39150869456181886, -0.024743205683349055, 0.05618003283816554]; p4 = [0.03702098014014729, 0.3779338725405519, 0.3571739800297205, -2.036142776834501, -2.6371292824667134, 0.4858890216097413, 1.051162597632452, 1.1090793138175727, 0.1162624417045735, 0.17443771935089947, -1.9357915261542114, -1.6082948912577235, -0.8070083183006634, 0.1682516871792401, -0.8115189820646046, -0.8053766452542286, 2.324670802301329, 0.28572987488689044, -2.8700944106908626, 0.42717344373230814, -2.031371501947582, 0.44614388352069745, 0.42007004459331865, 0.41571754798408833, 0.4122014590896546]
  15  0.0025014317893515855  f = sqrt(exp(cos(#2 * 0.47593986583139886) * cos(cos(0.45783704905386785 ^ cos(#2)) * #4))); p1 = [0.5718036964851785, -1.1245767696738007, -1.3363054094955982, -0.3100596207248736, 1.392222319414972, -1.0796367783471406, -0.15328489724072591, -0.5165372402765085, 0.015474693335543091, 0.24887935699000208, -1.4450904397499469, 1.3720286322630655, 0.921458639301256, -0.6259165732463979, 0.6381116544357315, 0.038616465756246436, 1.5163997746326752, -0.5316039882225922, 0.3468955611524905, -1.0408791637157986, -0.6944205061644815, 0.20042669276878666, -0.26618849904012515, -0.8968153694210859, 0.3504032170993977]; p2 = [0.6772807389132222, -0.4459705784091192, -0.4197207961069303, -0.422612722725212, 0.3943124101826004, 0.40058098830779587, 0.03328610442800721, -0.42022406675037766, 0.7135466482889571, -0.6948209984061834, 0.5118268533705805, 0.8693618406929682, 1.6006683052117165, 0.6288137622190845, 1.579756500649882, 1.5983825481411555, 1.5897264074210382, 0.5268938096776119, 0.05609848234269955, -0.3829783014232993, -0.39630457069085134, -0.38165283288174867, 0.10470650835221136, 0.3920083613389613, 0.19741883372237948]; p3 = [0.3520281383884742, -0.6778873517764434, -0.43161123510960525, -0.45852327691161393, 0.29547215468775656, 0.3239526827863593, 1.6980307639543362, -1.0596739123501207, -0.3874421021241391, -0.13193801001349567, -0.1961793161314333, -1.5883872575765883, 0.08095533345536632, -0.12142325796988254, -0.18701566661294003, -1.565913420670536, 0.5518862039341006, 0.7289893369694301, 0.1492164683139487, 0.13685991686700522, -2.665835669446616, -0.30539481953373127, -0.24704142153454034, 0.06006014909156974, 0.046241730670636395]; p4 = [-0.814067107478007, 0.2216129634258702, 0.3084625354940399, 0.16134055074722764, 3.2213405047875296, -0.056711995662773185, 3.03163753104373, 0.20689690608643932, 0.7908804769895401, -0.7152211323533106, 0.31539218651281486, 2.2478813486895746, 1.5709684421474983, 0.5591133625616607, 1.5679659742381402, -1.5716784690750512, -1.5445935502119368, -0.047966328207346136, -2.7438986171427695, -0.13581136678985176, -0.1974866746990926, -0.003140432158283371, -0.11231251999810059, 0.03465534952283103, 0.0825494190634978]
  17  0.0018423082018975108  f = sqrt(exp(cos(#2 * -0.4777677834237472) * exp((cos(#2 * -0.5181541397596655) * 0.42261771287848904) * exp(#3)))); p1 = [0.44931014061196456, -1.332670748510532, -1.4128280631484373, -0.47198160192480626, -0.17042319745742926, -0.759183276451928, -0.8131332124840266, -0.5434340730520388, 0.03407110585821688, 0.005283826983148169, -0.9921416933745035, 0.5022055106725161, 1.3027330292588282, -0.1845738846086521, 1.4057169634227094, 1.2171773227180582, 1.6527889945755707, -0.9396281115823697, 0.13314725347980524, -0.6109783932313166, -0.5067900801033519, -0.25589922333445536, -0.522715020120444, -1.2851701804722744, -4.784385292580534]; p2 = [-0.6483529673060299, -0.6190160825981809, 0.8334923541613036, -0.7114382091151117, -1.2864005717129776, -0.9227838787384501, 0.03064320040026355, 0.949307174905307, -1.1502534474933728, 0.47556357174799074, 0.7877644144649284, 0.08644897496657773, -1.486351709387721, 0.23180529094552774, -0.4736235035966257, -1.3546332975294328, -0.778398968299757, 0.4311210376845476, 0.054407076733211004, 1.2388019069219824, 1.734116721145595, -0.6335382870033184, 0.03779695895085606, -0.3742499386505069, -2.0971644145040838]; p3 = [-0.5814942292640942, -0.4724170989447583, -0.38785252754460187, -0.9307155626920237, 0.03821671850407016, 1.3194819200757584, 1.1777637622169126, -1.1092085496821986, 0.14372244338435528, 0.2507591315712262, -0.9623212381579337, -1.8911342693381654, -0.6055102510985457, 0.21378711716519858, -0.26300171501960207, -6.111929153602251, -0.03622240667833955, -0.6958276502722494, 0.41562696426884127, -0.08431663296322722, -1.1286048048590307, -0.831346058996182, -0.07227251199335377, -0.23366667873155975, 0.006183555069459637]; p4 = [1.0685730049994608, 0.1873311569920082, -0.8039829721535584, -0.8512711249219116, -1.8263829279742538, -0.0539509358870812, 2.0666859191725666, 1.4589788394174008, -0.2100713540198897, -0.6426595606714581, 2.0266092008358307, 1.7100989139953913, 2.929617204931512, -0.26263675606599335, 0.4403781587659372, 0.030804179226718777, -0.6104942784425226, -0.004076822168124852, -3.5320223089724734, 0.6348824789012608, 1.4313646779765312, -0.22919140956743317, 1.2096486118900236, 0.3306203786930464, -0.2714258475915164]
  18  0.0017304688422498864  f = exp((cos(#2 * -0.47840111145495967) * 0.5268286213138997) * exp(cos(#2 * -0.5191282655521052) * (exp(#3) * 0.44854475033940083))); p1 = [0.43428251589180544, -1.2897911506072004, -1.3897979130272788, -0.4920240201068347, -0.26589581956689384, -0.7635743008768928, -0.8185333333048096, -0.5550464382955661, 0.0064529770703622, -0.037427894703818965, -0.936969772477043, 0.4612515428113578, 1.3195802107417516, -0.13266650134220637, 1.4370906668139733, 1.2986920942402396, 1.5923499822245095, -0.8405886538370435, 0.09954817541031093, -0.5868797412623442, -0.46364271879699526, -0.30819875365863114, -0.5080365277702423, -1.2529145255861809, -4.783591188452171]; p2 = [-0.6483529673060299, -0.6190160825981809, 0.8334923541613036, 0.6176769018517775, 1.097914248762198, -0.9227838787384501, -0.029642673951521998, 0.949307174905307, 1.0254729466818056, 0.47556357174799074, 0.7877644144649284, -0.08035258376398935, -1.486351709387721, 0.23180529094552774, -0.4736235035966257, -1.3546332975294328, 0.8590143956173404, 0.4311210376845476, 0.054407076733211004, -1.375990267243977, 1.734116721145595, -0.6335382870033184, 0.03779695895085606, 0.4276298900813111, 2.211812069540736]; p3 = [0.5223346518498514, 0.46761386193561133, -0.3638694833294186, 0.8054233801998737, 0.03869946628846128, -1.1393069864992487, -1.089391986950357, -1.2955310633091732, -0.14017410611270723, -0.2587814363726962, -0.9641196859402934, -1.5313201430025665, -0.5712737719737634, 0.2280033185144313, 0.2345581899889893, 4.936684802455521, 0.03333772200680111, 0.6286116023152345, -0.40843748850517914, 0.08144855082255904, 1.270906617768203, -0.9538282471511509, -0.07069732412650126, 0.23598813066868884, -0.007751152186844704]; p4 = [1.0685730049994608, 0.1873311569920082, -0.8039829721535584, -0.8512711249219116, -1.8263829279742538, -0.0539509358870812, 2.0666859191725666, 1.4589788394174008, -0.2100713540198897, -0.6426595606714581, 2.0266092008358307, 1.7100989139953913, 2.929617204931512, -0.26263675606599335, 0.4403781587659372, 0.030804179226718777, -0.6104942784425226, -0.004076822168124852, -3.5320223089724734, 0.6348824789012608, 1.4313646779765312, -0.22919140956743317, 1.2096486118900236, 0.3306203786930464, -0.2714258475915164]
  21  0.001588471479217199  f = exp(cos(#2 * -0.4795711668217712) * (exp((exp(exp(#3 * 0.6140983276969879)) * 0.2017687440067357) * cos(#2 * -0.5211180415396104)) * 0.5733729426037826)); p1 = [0.46330759254416126, -1.3345989888790974, -1.414256531000216, -0.46405032965317117, -0.14826104766505316, -0.7635863822654906, -0.8222389580718431, -0.5455604230765103, -0.04044894917301948, 0.00775212319100901, -0.98509830168311, 0.5559520974307813, 1.3160259759475348, -0.1959108200082964, 1.4066115334827858, 1.265032549303551, 1.5422074979530809, -0.9242735362548872, 0.12438286407193921, -0.6056514204137917, -0.4988598475455799, -0.24913003411999873, -0.5188135118022867, -1.2901188173926417, -4.784575358437368]; p2 = [0.6507319113002118, 0.5556614156743265, 0.7521960453528294, 0.6094148592963201, 1.508960694131724, 0.963473753467718, -0.028749389279632713, -1.034136095463345, -1.121909454715853, 0.46239333074208055, -0.9355036849923217, -0.09814004585963995, 1.3214031503801018, -0.26487053705287517, -0.4736235035966257, -1.3314474590727352, 0.852505632744276, -0.3655673296764403, -0.056124181533523505, 1.4705994927106507, -1.7151060078002853, 0.5596075641883308, -0.027918962371066416, 0.31650219794745055, -2.3529491750390084]; p3 = [-0.6094833186912809, 0.4335837173321855, 0.43225544026594026, 0.8626129085543078, -0.038040819399202334, 1.0851083757661415, 1.3663260095170742, -1.2468385116176, 0.14198653108956666, -0.2574684065789268, 1.1976934081682593, 1.5860326844407684, -0.5938940489816464, 0.19824790597561662, 0.23336008292059554, 5.709940474497731, 0.03264583174176393, -0.8113639586298188, -0.38577503244320865, 0.0951747777064436, 1.0472946085240105, -0.6746237968717088, 0.06972229171416434, 0.27675252840140224, 0.006452355700906959]; p4 = [-0.918255266585875, 0.17789853160149327, -0.7992317676237565, 0.8742622748687058, 1.89858411808808, -0.05803467618608643, 2.2351618728902283, 1.3347459089683043, -0.16821288588999297, 0.7088701875645542, -1.6931532860442022, -1.3725853948629556, 2.5047042016704895, -0.2592379568955259, 0.5328086706338951, 0.02704720583687802, 0.5732561392359622, 0.003625075869508136, -3.236609613708874, 0.6595976861468968, 1.40883711919058, 0.23400323177853932, -1.1852724203360119, 0.2668699872054989, -0.3019097374413185]
  23  0.0015260566930712322  f = exp(((cos(#2 * -0.473453148993422) + -0.0938311922203119) * 0.5534556165351023) * exp((cos(#2 * 0.5168580085483808) * 0.20906210586776805) * exp(exp(#3 * 0.5904517516334821)))); p1 = [0.45648195523394536, -1.3364909423451574, -1.4142853700426263, -0.4593509486744255, -0.1359501958524431, -0.7607508981166359, -0.8195685429689994, -0.5420245424361677, -0.04195321964833295, 0.010558894929142774, -0.987105760410474, 0.5569270508437084, 1.3098458753073168, -0.20242605471431416, 1.3991677337491455, 1.2408480066067258, 1.5621349273730643, -0.9295498975986403, 0.1243108482281749, -0.6048261870499918, -0.4999340214692136, -0.24209184830480196, -0.5174277121105604, -1.2911124239095793, -4.784321592498197]; p2 = [0.6507319113002118, 0.5556614156743265, -0.7329747869580193, 0.6094148592963201, 1.508960694131724, 0.963473753467718, 0.028339907998590787, -1.034136095463345, 1.1834651449055458, -0.436759974679879, -0.9355036849923217, 0.08644897496657773, 1.3214031503801018, 0.23532614965915005, -0.4736235035966257, 1.317743524852017, 0.852505632744276, -0.3655673296764403, -0.056124181533523505, -1.3068283335904587, -1.7151060078002853, 0.5596075641883308, 0.031851765808377064, 0.31650219794745055, 2.281696457706926]; p3 = [0.6751826829665547, -0.4627037891665752, -0.38365270291464704, -0.8494459114130323, 0.03821671850407016, -1.2053094988589785, -1.2684822524998611, 1.225373212013751, -0.140944391539441, -0.2574684065789268, -1.1598106667481558, -1.6189214382520811, 0.5528993766382351, 0.19824790597561662, -0.26300171501960207, -5.480381262801188, -0.03622240667833955, -0.8113639586298188, 0.4377703910517957, -0.09657376962780953, -1.1286048048590307, 0.6128337274853383, -0.07423989126493673, -0.24584793526656346, -0.007209454526516402]; p4 = [-0.918255266585875, 0.17789853160149327, -0.7992317676237565, 0.8742622748687058, 1.89858411808808, -0.05803467618608643, 2.2351618728902283, 1.3347459089683043, -0.16821288588999297, 0.7088701875645542, -1.6931532860442022, -1.3725853948629556, 2.5047042016704895, -0.2592379568955259, 0.5328086706338951, 0.02704720583687802, 0.5732561392359622, 0.003625075869508136, -3.236609613708874, 0.6595976861468968, 1.40883711919058, 0.23400323177853932, -1.1852724203360119, 0.2668699872054989, -0.3019097374413185]
  24  0.0014708530590869418  f = exp((exp(exp(exp(sin(#3 * 0.6482646635424326))) * (cos(#2 * 0.5165541458625494) * 0.223448005039138)) * 0.5679747219210484) * (cos(#2 * -0.47359386793947295) + -0.1006019338146562)); p1 = [0.4554183856166469, -1.3369393695481453, -1.4143207112512939, -0.45841287189616786, -0.13343038106154134, -0.7602569025584881, -0.8191349620336673, -0.5414371617958572, -0.042040464451396475, 0.011281793520546406, -0.9875562759585784, 0.55781683095735, 1.3102078352339226, -0.20369998697194897, 1.3996449986114772, 1.2386252552800219, 1.5675488067153545, -0.930728143552652, 0.12424948019935397, -0.604771091667799, -0.5002731144578246, -0.24070679891017036, -0.5172578614214584, -1.2913977160627383, -4.784413011708123]; p2 = [0.6507319113002118, 0.5556614156743265, -0.7329747869580193, 0.6094148592963201, 1.508960694131724, 0.963473753467718, 0.028339907998590787, -1.034136095463345, 1.1834651449055458, -0.436759974679879, -0.9355036849923217, 0.08644897496657773, 1.3214031503801018, 0.23532614965915005, -0.4736235035966257, 1.317743524852017, 0.852505632744276, -0.3655673296764403, -0.056124181533523505, -1.3068283335904587, -1.7151060078002853, 0.5596075641883308, 0.031851765808377064, 0.31650219794745055, 2.281696457706926]; p3 = [0.6751826829665547, -0.4627037891665752, -0.38365270291464704, -0.8494459114130323, 0.03821671850407016, -1.2053094988589785, -1.2684822524998611, 1.225373212013751, -0.140944391539441, -0.2574684065789268, -1.1598106667481558, -1.6189214382520811, 0.5528993766382351, 0.19824790597561662, -0.26300171501960207, -5.480381262801188, -0.03622240667833955, -0.8113639586298188, 0.4377703910517957, -0.09657376962780953, -1.1286048048590307, 0.6128337274853383, -0.07423989126493673, -0.24584793526656346, -0.007209454526516402]; p4 = [-0.918255266585875, 0.17789853160149327, -0.7992317676237565, 0.8742622748687058, 1.89858411808808, -0.05803467618608643, 2.2351618728902283, 1.3347459089683043, -0.16821288588999297, 0.7088701875645542, -1.6931532860442022, -1.3725853948629556, 2.5047042016704895, -0.2592379568955259, 0.5328086706338951, 0.02704720583687802, 0.5732561392359622, 0.003625075869508136, -3.236609613708874, 0.6595976861468968, 1.40883711919058, 0.23400323177853932, -1.1852724203360119, 0.2668699872054989, -0.3019097374413185]
  26  0.0014708130435652188  f = exp(exp(0.223448005039138 * (exp(exp(sin(#3 * 0.6482646635424326))) * cos(0.5165541458625494 * #2))) * ((cos(#2 * -0.47359386793947295) + -0.1006019338146562) * sin(sin(0.6482646635424326)))); p1 = [0.4554183856166469, -1.3369393695481453, -1.4143207112512939, -0.45841287189616786, -0.13343038106154134, -0.7602569025584881, -0.8191349620336673, -0.5414371617958572, -0.042040464451396475, 0.011281793520546406, -0.9875562759585784, 0.55781683095735, 1.3102078352339226, -0.20369998697194897, 1.3996449986114772, 1.2386252552800219, 1.5675488067153545, -0.930728143552652, 0.12424948019935397, -0.604771091667799, -0.5002731144578246, -0.24070679891017036, -0.5172578614214584, -1.2913977160627383, -4.784413011708123]; p2 = [0.6507319113002118, 0.5556614156743265, -0.7329747869580193, 0.6094148592963201, 1.508960694131724, 0.963473753467718, 0.028339907998590787, -1.034136095463345, 1.1834651449055458, -0.436759974679879, -0.9355036849923217, 0.08644897496657773, 1.3214031503801018, 0.23532614965915005, -0.4736235035966257, 1.317743524852017, 0.852505632744276, -0.3655673296764403, -0.056124181533523505, -1.3068283335904587, -1.7151060078002853, 0.5596075641883308, 0.031851765808377064, 0.31650219794745055, 2.281696457706926]; p3 = [-0.7603593541261575, 0.4069507472477231, 0.3993300191939583, 0.9663891687903707, -0.04639245237651313, 1.1383088775563845, 1.5409339703681684, -1.3055926996642173, 0.13560540192469686, 0.28234083982187724, 1.3944260872820882, 1.577629403622961, -0.594156576633164, -0.20698015653970248, 0.2446675174575002, 5.983491874716232, 0.04377718831067737, 0.6722633672451018, -0.3856978681286979, 0.07956279785544158, 1.0404731645810361, -0.720687427593729, 0.06304417050778273, 0.2269693518022188, 0.007877792924359625]; p4 = [-0.918255266585875, 0.17789853160149327, -0.7992317676237565, 0.8742622748687058, 1.89858411808808, -0.05803467618608643, 2.2351618728902283, 1.3347459089683043, -0.16821288588999297, 0.7088701875645542, -1.6931532860442022, -1.3725853948629556, 2.5047042016704895, -0.2592379568955259, 0.5328086706338951, 0.02704720583687802, 0.5732561392359622, 0.003625075869508136, -3.236609613708874, 0.6595976861468968, 1.40883711919058, 0.23400323177853932, -1.1852724203360119, 0.2668699872054989, -0.3019097374413185]
  28  0.0014396469113709572  f = exp(exp((cos(#2 * -0.5171311731536614) * 0.4484516946809982) * exp(#3)) * ((cos(#2 * -0.479981724341255) * 0.5755596511049984) * cos(cos(cos(#3)) * cos(#2 * 0.5466226755142235)))); p1 = [0.45587013467975107, -1.3370609881599747, -1.4143627651161508, -0.45819806937383284, -0.13261722482140742, -0.7602637000841341, -0.8191891319583072, -0.5414614525805411, -0.0417817543826153, 0.011738964318162425, -0.9877040124523109, 0.5593392824956521, 1.3114899404197249, -0.20404349953485826, 1.4008616732583448, 1.2419359044355274, 1.5655545048918185, -0.9310986874853052, 0.12428434956440865, -0.6049167522117462, -0.5005363234659979, -0.24034861344675007, -0.5173704865624187, -1.291533974702343, -4.785067411834552]; p2 = [0.6507319113002118, 0.5556614156743265, -0.7329747869580193, 0.6094148592963201, 1.508960694131724, 0.963473753467718, 0.028339907998590787, -1.034136095463345, 1.1834651449055458, -0.436759974679879, -0.9355036849923217, 0.08644897496657773, 1.3214031503801018, 0.23532614965915005, -0.4736235035966257, 1.317743524852017, 0.852505632744276, -0.3655673296764403, -0.056124181533523505, -1.3068283335904587, -1.7151060078002853, 0.5596075641883308, 0.031851765808377064, 0.31650219794745055, 2.281696457706926]; p3 = [0.7041870183184104, 0.4335837173321855, 0.43225544026594026, 0.8626129085543078, 0.03773206500334089, -1.0792895840838803, -1.5889821116737988, 1.3252328472710064, -0.16551163329689778, 0.22078252283387292, -1.2748446743764892, -1.791331599056483, -0.5938940489816464, 0.19824790597561662, -0.2618674849601167, -6.166165554545885, -0.02822123307003446, -0.8113639586298188, 0.3943898106504443, 0.0951747777064436, 1.0472946085240105, 0.6207712963544537, -0.060487259802094094, -0.2782679713998403, 0.006452355700906959]; p4 = [-0.918255266585875, 0.17789853160149327, -0.7992317676237565, 0.8742622748687058, 1.89858411808808, -0.05803467618608643, 2.2351618728902283, 1.3347459089683043, -0.16821288588999297, 0.7088701875645542, -1.6931532860442022, -1.3725853948629556, 2.5047042016704895, -0.2592379568955259, 0.5328086706338951, 0.02704720583687802, 0.5732561392359622, 0.003625075869508136, -3.236609613708874, 0.6595976861468968, 1.40883711919058, 0.23400323177853932, -1.1852724203360119, 0.2668699872054989, -0.3019097374413185]
  29  0.001433393257171092  f = exp(exp((cos(#2 * -0.5183093402788124) * exp(#3)) * 0.46927304394512387) * (cos(cos(#2 * -0.5428769820936945) * cos(sqrt(exp(#3)))) * (cos(#2 * -0.4799850809757105) * 0.576450227021698))); p1 = [0.45263210443444235, -1.3400875847349347, -1.413311332119146, -0.4506407197580357, -0.1181218076802881, -0.7475354247564364, -0.8027287701452608, -0.5280929145112004, 0.050075540057899944, 0.029612340233925546, -0.999299411127203, 0.5250677730396951, 1.2764447865496118, -0.1984332303118974, 1.3699401721728288, 1.152809928700628, 1.6709196318387003, -0.9591823655187305, 0.14808440775936998, -0.6063087720862732, -0.5084376878873318, -0.22372721035886375, -0.515221124909812, -1.2893415054813735, -4.784938297218918]; p2 = [0.6687086629597104, -0.6190160825981809, -0.7398092732582382, -0.7114382091151117, -1.2864005717129776, -0.9227838787384501, 0.03064320040026355, 0.949307174905307, 1.2557366153130458, -0.42413725405442354, -0.9143897662814606, 0.08644897496657773, -1.486351709387721, 0.23180529094552774, -0.4736235035966257, 1.5202014933937926, -0.778398968299757, -0.40814434995256627, -0.048909653392109904, 1.2388019069219824, -1.4954706400236533, 0.6107708697071573, 0.03779695895085606, 0.42860156125378135, 2.095527015686914]; p3 = [-0.5814942292640942, 0.45586943935113217, 0.35495339024842376, 0.8261627276774226, 0.03821671850407016, -1.1393069864992487, 1.1777637622169126, 1.225373212013751, -0.140944391539441, -0.2574684065789268, 1.0540765058364558, 1.7575996881922231, 0.5594925038503892, -0.20393964021544853, -0.26300171501960207, 5.987626212584293, -0.03622240667833955, 0.7311946438711902, -0.40843748850517914, 0.08144855082255904, -1.1286048048590307, -0.831346058996182, 0.07577429337145723, 0.2346646170307461, -0.007002166146207489]; p4 = [1.0685730049994608, -0.2068100131222013, 0.926062949514321, 0.833861403252528, -1.8263829279742538, -0.0539509358870812, 2.0666859191725666, -1.6614716242183496, -0.2100713540198897, -0.6426595606714581, 2.0266092008358307, 1.7100989139953913, 2.929617204931512, 0.30354826310451943, 0.4403781587659372, -0.03145816992736403, 0.5668608234035287, -0.004076822168124852, -3.5320223089724734, -0.6614975676528094, 1.4313646779765312, -0.22919140956743317, 1.2096486118900236, 0.3306203786930464, -0.2714258475915164]
  30  0.0014040794658646924  f = exp((cos(cos(#2 * 0.5443047563804265) * cos(exp(#3 * 0.5422105863276283))) * exp((exp(#3) * cos(#2 * -0.517881512036322)) * 0.46028524238812274)) * (cos(#2 * -0.4797729400839882) * 0.5718095017519736)); p1 = [0.4595057860797448, -1.3365087820802162, -1.4146241597591434, -0.46071031056998873, -0.13846279484749696, -0.761398386001985, -0.8200692044018981, -0.5425135467990673, -0.04227287141170992, 0.009686485559492515, -0.9873641791449467, 0.55802708569486, 1.3141422072994737, -0.2018031391380899, 1.4046983112636384, 1.2503955370047568, 1.5642180898608204, -0.9290700157065054, 0.12481998741664742, -0.6052198577876287, -0.5001998065396338, -0.24372630873165366, -0.517871096487973, -1.2912303635659235, -4.785022695571248]; p2 = [0.6507319113002118, 0.5556614156743265, -0.7329747869580193, 0.6094148592963201, 1.508960694131724, 0.963473753467718, 0.028339907998590787, -1.034136095463345, 1.1834651449055458, -0.436759974679879, -0.9355036849923217, 0.08644897496657773, 1.3214031503801018, 0.23532614965915005, -0.4736235035966257, 1.317743524852017, 0.852505632744276, -0.3655673296764403, -0.056124181533523505, -1.3068283335904587, -1.7151060078002853, 0.5596075641883308, 0.031851765808377064, 0.31650219794745055, 2.281696457706926]; p3 = [0.7041870183184104, 0.4335837173321855, 0.43225544026594026, 0.8626129085543078, 0.03773206500334089, -1.0792895840838803, -1.5889821116737988, 1.3252328472710064, -0.16551163329689778, 0.22078252283387292, -1.2748446743764892, -1.791331599056483, -0.5938940489816464, 0.19824790597561662, -0.2618674849601167, -6.166165554545885, -0.02822123307003446, -0.8113639586298188, 0.3943898106504443, 0.0951747777064436, 1.0472946085240105, 0.6207712963544537, -0.060487259802094094, -0.2782679713998403, 0.006452355700906959]; p4 = [-0.918255266585875, 0.17789853160149327, -0.7992317676237565, 0.8742622748687058, 1.89858411808808, -0.05803467618608643, 2.2351618728902283, 1.3347459089683043, -0.16821288588999297, 0.7088701875645542, -1.6931532860442022, -1.3725853948629556, 2.5047042016704895, -0.2592379568955259, 0.5328086706338951, 0.02704720583687802, 0.5732561392359622, 0.003625075869508136, -3.236609613708874, 0.6595976861468968, 1.40883711919058, 0.23400323177853932, -1.1852724203360119, 0.2668699872054989, -0.3019097374413185]
