0.6870441529644694
0.6870441529644694
0.6870441529644694
0.6492491564094707
0.6492491564094707
0.6492491564094707
0.6486350034885512
0.6486350034885512
0.6486350034885512
0.6600038504217053
0.6600038504217053
0.6600038504217053
0.6664444061252047
0.6664444061252047
0.6664444061252047
0.6553813668783047
0.6553813668783047
0.6553813668783047
0.6546475252967262
0.6546475252967262
0.6546475252967262
0.6587314575297375
0.6587314575297375
0.6587314575297375
0.6719846081378785
0.6719846081378785
0.6719846081378785
0.671138970500475
0.671138970500475
0.671138970500475
0.652471140591249
0.652471140591249
0.652471140591249
0.6894022507362781
0.6894022507362781
0.6894022507362781
0.7415772203073796
0.7415772203073796
0.7415772203073796
0.6660990836897143
0.6660990836897143
0.6660990836897143
0.7509660277382321
0.7509660277382321
0.7509660277382321
0.734289524772992
0.734289524772992
0.734289524772992
0.7763005155934607
0.7763005155934607
0.7763005155934607
0.6530707156360069
0.6530707156360069
0.6530707156360069
0.6750745156975817
0.6750745156975817
0.6750745156975817
0.657606584925922
0.657606584925922
0.657606584925922
0.6593730677626661
0.6593730677626661
0.6593730677626661
0.6644273110238598
0.6644273110238598
0.6644273110238598
0.6590914501402844
0.6590914501402844
0.6590914501402844
0.6496366253441596
0.6496366253441596
0.6496366253441596
0.6414734238483755
0.6414734238483755
0.6414734238483755
