3.530174807485797
3.5791417326013057
3.6133306954792177
3.6341141931958774
3.503825248538293
3.5429418242458
3.5691411218154854
3.5846320890193204
3.4868120259089164
3.5188545079980673
3.539633510130157
3.5516663937549007
3.4724639887533404
3.4992398023089937
3.516160799201576
3.525802042518319
3.530969084452338
3.6261816516954535
3.6261816516954535
3.530174807485797
3.530174807485797
3.503825248538293
3.503825248538293
3.4868120259089164
3.4868120259089164
3.6895018032666793
3.6895018032666793
3.5791417326013057
3.5791417326013057
3.5429418242458
3.5429418242458
3.5188545079980673
3.5188545079980673
3.736238207969734
3.736238207969734
3.6133306954792177
3.6133306954792177
3.5691411218154854
3.5691411218154854
3.539633510130157
3.539633510130157
3.765772854580587
3.765772854580587
3.6341141931958774
3.6341141931958774
3.5846320890193204
3.5846320890193204
3.5516663937549007
3.5516663937549007
3.782600954107645
3.782600954107645
3.6456796522447505
3.6456796522447505
3.593112337783228
3.593112337783228
3.5581748146884533
3.5581748146884533
3.7916196135559033
3.7916196135559033
3.6517968037112696
3.6517968037112696
3.5975576287855504
3.5975576287855504
3.5615643819656966
3.5615643819656966
3.4603563514699243
3.483107313219645
3.4971834404041893
3.505100104715443
3.509312087893244
3.511486469072331
3.4724639887533404
3.4992398023089937
3.516160799201576
3.525802042518319
3.530969084452338
3.533646844527282
3.4603563514699243
3.483107313219645
3.4971834404041893
3.505100104715443
3.509312087893244
3.511486469072331
3.4724639887533404
3.4992398023089937
3.516160799201576
3.525802042518319
3.530969084452338
3.533646844527282
3.4603563514699243
3.483107313219645
3.4971834404041893
3.505100104715443
3.509312087893244
3.511486469072331
