2.880477503156427
2.7472525024069756
2.7691671175378763
2.8000621322495527
2.758193703031313
2.814775274388072
2.6284265751581297
2.6253870855897197
2.502159379351458
2.613163839879314
2.535538271511372
2.655973902936957
2.699684994600966
2.6075430351335798
3.198349211570116
2.6690616967600973
2.7449736884293094
2.6338512266653216
3.099954289903906
3.082031807684696
3.0750491348062643
3.291822661772653
3.1282126835980573
3.1306667609249907
3.200723733441294
3.1559145540059057
2.9825343566713083
2.9290483091974813
3.0413619029777714
3.588822974037847
2.9953781914946025
3.070231410883078
2.985959234600061
3.2232527169344807
2.921840074146068
3.0026666956326733
