3.2062502343040862
2.9606930152286242
2.7690802988695187
2.6166626649667166
2.4927234562330169
2.3894761468629335
2.3012631905757313
3.1396292328999351
2.8940720138244731
2.7024592974653676
2.5500416635625656
2.4261024548288659
2.322855145458782
2.2346421891715802
3.0794894897220493
2.8339322706465873
2.6423195542874818
2.4899019203846797
2.3659627116509805
2.2627154022808962
2.1745024459936948
3.0244503624083392
2.7788931433328776
2.5872804269737721
2.4348627930709696
2.3109235843372709
2.2076762749671865
2.1194633186799847
