3.26566040861566
3.0514141445843714
2.8871844185678492
2.7617235456203986
2.6663082476600413
2.5750049198969851
2.9074721689817249
2.7694775734740182
2.6642486214548455
2.5844107970734336
2.5242449115193999
2.4675039944092205
2.6685456774798886
2.5803929340271519
2.5136967607383598
2.4636223397050387
2.4264202854047383
2.3921483993053307
2.5080820767783552
2.4524688239182701
2.41089902793781
2.3802031598447222
2.3579234194270322
2.3382093065297207
2.3993019139639031
2.3648959863549321
2.3396748398084628
2.3215608545510031
2.3089430882872217
2.2986155219145927
3.2169735253296823
3.0027272612983933
2.8384975352818707
2.7130366623344204
2.6176213643740631
2.526318036611007
2.8587852856957463
2.7207906901880401
2.6155617381688678
2.5357239137874554
2.4755580282334217
2.4188171111232424
2.6198587941939104
2.5317060507411742
2.4650098774523821
2.414935456419061
2.3777334021187602
2.343461516019353
2.4593951934923775
2.4037819406322924
2.3622121446518323
2.3315162765587445
2.3092365361410545
2.2895224232437426
2.350615030677925
2.316209103068954
2.2909879565224847
2.2728739712650254
2.260256205001244
2.2499286386286146
