3.9775320284433251
3.5191235516275885
3.4283581283271305
3.3714672110290662
3.3110338988058485
2.6282156311313942
2.6104646464683023
2.5868210543806205
2.4404279782659422
2.354985610924774
2.3468073333513777
2.4985076838032025
2.4571939871194854
2.3811688136368265
2.3669044026561661
2.2383081519760819
2.2258430033596999
2.2214406124138169
2.4736945187723838
2.4597709657906717
2.4503871917612252
2.4193863848135164
2.3315632052673472
2.3245060094139856
2.3040065082397962
2.3044860359711752
2.2676427569260103
2.2348975711121453
2.2205938528298446
2.2171850774835864
2.2183272723294567
2.3769988142867042
2.350348218159791
2.3562481962062787
2.3527245664583716
2.3904189153857778
2.371829401084605
2.3516295948281241
2.4336973149476342
2.4326960315134838
2.4226134652184306
2.2455623380912737
2.2090570811218662
2.1785962909579029
2.3053522395776187
2.3059967435127962
2.3094985141593005
2.3130267879373974
2.316974191495746
2.2825384324165503
2.2318259744411342
2.2369774651238581
2.2859077344584784
2.2698008449993901
2.2497037970636939
2.2379773509530625
2.1351544828206821
