3.4575490944697274
3.4575490944697274
3.4575490944697274
3.4575490944697274
3.3780185757064656
3.3780185757064656
3.3780185757064656
3.3780185757064656
3.359934418204404
3.359934418204404
3.359934418204404
3.359934418204404
3.3896520346436518
3.3896520346436518
3.3896520346436518
3.3896520346436518
3.3896520346436518
3.6235596713851788
3.6235596713851788
3.4575490944697274
3.4575490944697274
3.3780185757064656
3.3780185757064656
3.359934418204404
3.359934418204404
3.6235596713851788
3.6235596713851788
3.4575490944697274
3.4575490944697274
3.3780185757064656
3.3780185757064656
3.359934418204404
3.359934418204404
3.6235596713851788
3.6235596713851788
3.4575490944697274
3.4575490944697274
3.3780185757064656
3.3780185757064656
3.359934418204404
3.359934418204404
3.6235596713851788
3.6235596713851788
3.4575490944697274
3.4575490944697274
3.3780185757064656
3.3780185757064656
3.359934418204404
3.359934418204404
3.6235596713851788
3.6235596713851788
3.4575490944697274
3.4575490944697274
3.3780185757064656
3.3780185757064656
3.359934418204404
3.359934418204404
3.6235596713851788
3.6235596713851788
3.4575490944697274
3.4575490944697274
3.3780185757064656
3.3780185757064656
3.359934418204404
3.359934418204404
3.4594738312448672
3.4594738312448672
3.4594738312448672
3.4594738312448672
3.4594738312448672
3.4594738312448672
3.3896520346436518
3.3896520346436518
3.3896520346436518
3.3896520346436518
3.3896520346436518
3.3896520346436518
3.4594738312448672
3.4594738312448672
3.4594738312448672
3.4594738312448672
3.4594738312448672
3.4594738312448672
3.3896520346436518
3.3896520346436518
3.3896520346436518
3.3896520346436518
3.3896520346436518
3.3896520346436518
3.4594738312448672
3.4594738312448672
3.4594738312448672
3.4594738312448672
3.4594738312448672
3.4594738312448672
