-0.11302925764377275
-0.092058740794447369
-0.032206345485926956
-0.5501797415058467
-0.55056725397523198
-0.55056725397523198
-0.55264888106335808
-0.55307167977972971
-0.5534662801838518
-0.55383626097830696
-0.5554042271760764
-0.55707878980584336
-0.561979542730495
-0.0097923511174635332
-0.0083688007651145212
-0.0048199708140523011
-0.19588155875425925
-0.19682069712067041
-0.19682069712067041
-0.19770512584141567
-0.19994001690606572
-0.20080690524607456
-0.20080690524607456
-0.20561192570313058
-0.20661612497375859
-0.20756130844586376
-0.20845428582417494
-0.21230710978016268
-0.2165333698396828
-0.22944386616768703
-0.40399764045833664
-0.40472853856695379
-0.40646422108836627
-0.40697330543573756
-0.40697330543573756
-0.40697330543573756
-0.4080905052683142
-0.40824274985980019
-0.40969509675535426
-0.41052179961288177
-0.41181488309805475
-0.41181488309805475
-0.41345957388528537
-0.41445717729971726
-0.41445717729971726
-0.41538858887235391
-0.41771159279173009
-0.41860223935994917
-0.41860223935994917
-0.42345488457996444
-0.42445408172691529
-0.42539062965061203
-0.4262721961981788
-0.43004430063457216
-0.4341345985366839
-0.44643925729066264
-5.463622031216733e-05
0.00035725514350408129
0.0012206326459032956
-0.44730180425123167
-0.44793907740618094
-0.44855033209702633
-0.44913760980303868
-0.44951671013552918
-0.44964777828454333
-0.44971565539170383
-0.45285798758444834
-0.45285798758444834
-0.4555880114326854
-0.45619926690810053
-0.45892929229070484
-0.46165931892844481
-0.462625699096742
-0.46488927404689462
-0.46554516152393371
-0.46554516152393371
-0.46554516152393371
-0.46697230813195578
-0.46716551994834254
-0.46899387245520158
-0.47002298702169876
-0.47161647921103911
-0.47161647921103911
-0.47361594116643507
-0.47481447874513261
-0.47481447874513261
-0.47592415143604216
-0.47865418590107423
-0.47968726712387749
-0.47968726712387749
-0.4851934848975879
-0.48630315953317454
-0.48733624209031068
-0.48830262644669253
-0.49237449849736503
-0.4966821858212318
-0.50906070422322725
-0.54494019718457032
-0.54636152151366346
-0.54969072224630067
-0.55065538246727819
-0.55065538246727819
-0.55065538246727819
-0.55275438793658505
-0.55303855819648395
-0.55572764501300398
-0.55724123605214437
-0.55958489653785937
-0.55958489653785937
-0.56252564457990051
-0.56428841700882004
-0.56428841700882004
-0.56592048946700746
-0.56993573931576069
-0.57145516275337227
-0.57145516275337227
-0.57955353207679938
-0.58118560550337983
-0.58270502960600579
-0.58412635601360707
-0.59011513015852102
-0.59187790447939115
-0.59645073061302478
-0.61465661882692169
-0.4747533638910344
-0.48198536904504069
-0.50352656872424695
