-0.36120228407354327
-1.4761781306051012
-2.0586708998996284
-2.4314758567730652
-2.6967811173903438
-2.8982559448045215
-3.0581281035895924
-3.1890769623989286
-3.2989407696075603
-3.3928642841781476
-3.4743849279876207
-3.5460269061132115
-3.6096469155329776
-3.6666456398619354
-3.7181026114867568
-3.7648652618854253
-3.8076095007337489
-3.846882001825128
-3.8831303911817527
-3.9167252297508415
-1.8440233432250881
-2.7360941344182717
-3.1659600894231539
-3.4321773012060754
-3.6180563036163287
-3.7574156285146847
-3.8669627278826351
-3.9560382467787694
-4.0303320150861977
-4.093536331387102
-4.148166805166615
-4.1960049762107232
-4.2383529209109012
-4.2761875379898271
-4.3102581427714632
-4.3411504654627153
-4.3693299263885281
-4.3951716832701111
-4.4189819808607051
-4.4410136316213773
-2.626197354530114
-3.3561924865639292
-3.6988110193710479
-3.9084880414735439
-4.0538293457804544
-4.162244091691611
-4.2471400316935011
-4.3159610401055986
-4.3732177086426498
-4.4218248846731862
-4.4637616912041853
-4.5004256926028789
-4.5328358024858435
-4.5617548251115476
-4.5877667440487926
-4.6113272762040811
-4.6327979794658702
-4.6524698872453625
-4.6705802713709224
-4.6873247770309199
-3.5078235015547703
-4.0373987738476833
-4.28012874623853
-4.426989725385754
-4.5280529676067784
-4.6030466559875514
-4.6615351638428386
-4.7087942559008411
-4.748004792869895
-4.7812140226461572
-4.8098073102873373
-4.834760129813775
-4.8567818924710426
-4.876402529552438
-4.8940269490575146
-4.9099705678089931
-4.9244832315646043
-4.937765757475189
-4.9499816458588404
-4.9612655446621199
-4.2275793807603979
-4.5881348233563113
-4.7506013506246694
-4.8480355186477722
-4.9146919383492804
-4.963937540267918
-5.0022109495916434
-5.0330466759144308
-5.0585676250032536
-5.080135837198239
-5.0986705437452446
-5.1148175061281336
-5.1290453974520025
-5.141703681409477
-5.1530589373440847
-5.1633185163690589
-5.1726464390787452
-5.1811743726679484
-5.1890093913502655
-5.1962395776029524
-4.6800582133868129
-4.9413258207420743
-5.0578547894417492
-5.1273436895845474
-5.1746944883216601
-5.2095705144579671
-5.2366084240710018
-5.2583459766325182
-5.2763037405592508
-5.291455327362697
-5.3044566732148324
-5.3157678664966639
-5.3257223665370939
-5.3345685071967335
-5.3424955090820676
-5.3496503986889374
-5.3561493658563242
-5.3620855978103048
-5.3675348122538846
-5.3725592474420951
