3.9320998884294216
3.4981043284905518
3.4110224782624488
3.3572404239981486
3.2996383458821033
2.6193028436022221
2.6029590718291051
2.5822424146516436
2.4128702795565515
2.3269197099795602
2.3198622095187025
2.4791718924639743
2.4427928203181946
2.361144262496492
2.3516387466869206
2.2056024695320673
2.1960393120813584
2.1926845817907377
2.4683473479117111
2.4530122523522921
2.4434618555095189
2.4094119706168819
2.3071066737497778
2.3038271554160774
2.2877634249046639
2.2882518022020726
2.2460382919349762
2.2089337859014071
2.1943291399918459
2.1944768890150654
2.2000675810012114
2.3691027617005105
2.3393811043906201
2.3453823608527826
2.345510654761358
2.3839308639944776
2.3637816041681177
2.3418966820545859
2.4238807914651725
2.4256266023616297
2.4166351607891219
2.2280478443445069
2.1861411925173471
2.1513007086474047
2.2934943349460171
2.2953074438997776
2.3001857362518865
2.3048696175962116
2.3078450090192497
2.2701387385616889
2.2179490997964733
2.2243028103414919
2.2769781786684322
2.2593767542697454
2.2374554660668236
2.2243029422359779
2.1098417965104401
