2.8303376658605286
2.6466081603975473
2.6156428729953509
2.7690828632432201
2.7138810619572711
2.7787957173407376
2.6116108996941199
2.5610552875719073
2.3824515134073438
2.4357048962428882
2.3236889376642784
2.5730322670978536
2.5351387343398439
2.4591135974774447
3.1799674605780428
2.5927755336366927
2.6132074719366383
2.5250769796701693
2.9599864861196412
2.9794463312913386
2.8927316857204621
3.2321919997904027
2.9634615106166944
3.0025917387694205
3.1412815625024715
3.0802678144255182
2.9575074009100586
2.6995618733341198
2.9460497719185472
3.5772667116233592
2.8788458712467122
2.9621579036376682
2.7983066945032542
3.1659420003100127
2.770455469344367
2.8286149097631119
