3.4575490925258121
3.4575490925258121
3.4575490925258121
3.4575490925258121
3.3780185736298929
3.3780185736298929
3.3780185736298929
3.3780185736298929
3.3599344160982518
3.3599344160982518
3.3599344160982518
3.3599344160982518
3.3896520325862221
3.3896520325862221
3.3896520325862221
3.3896520325862221
3.3896520325862221
3.6235596697313639
3.6235596697313639
3.4575490925258121
3.4575490925258121
3.3780185736298929
3.3780185736298929
3.3599344160982518
3.3599344160982518
3.6235596697313639
3.6235596697313639
3.4575490925258121
3.4575490925258121
3.3780185736298929
3.3780185736298929
3.3599344160982518
3.3599344160982518
3.6235596697313639
3.6235596697313639
3.4575490925258121
3.4575490925258121
3.3780185736298929
3.3780185736298929
3.3599344160982518
3.3599344160982518
3.6235596697313639
3.6235596697313639
3.4575490925258121
3.4575490925258121
3.3780185736298929
3.3780185736298929
3.3599344160982518
3.3599344160982518
3.6235596697313639
3.6235596697313639
3.4575490925258121
3.4575490925258121
3.3780185736298929
3.3780185736298929
3.3599344160982518
3.3599344160982518
3.6235596697313639
3.6235596697313639
3.4575490925258121
3.4575490925258121
3.3780185736298929
3.3780185736298929
3.3599344160982518
3.3599344160982518
3.4594738293042138
3.4594738293042138
3.4594738293042138
3.4594738293042138
3.4594738293042138
3.4594738293042138
3.3896520325862221
3.3896520325862221
3.3896520325862221
3.3896520325862221
3.3896520325862221
3.3896520325862221
3.4594738293042138
3.4594738293042138
3.4594738293042138
3.4594738293042138
3.4594738293042138
3.4594738293042138
3.3896520325862221
3.3896520325862221
3.3896520325862221
3.3896520325862221
3.3896520325862221
3.3896520325862221
3.4594738293042138
3.4594738293042138
3.4594738293042138
3.4594738293042138
3.4594738293042138
3.4594738293042138
