3.1690205227600234
2.9494035052227732
2.7790564593514953
2.6469259151774782
2.5444381930427831
2.4433592692443682
2.8208049684004122
2.6767893713830846
2.5650829481338633
2.4784372982870195
2.4112301635401572
2.3449468594521248
2.5891707152691819
2.4947313479741151
2.4214789770373386
2.3646604065455019
2.3205887961464056
2.2771229950102549
2.4341276416347331
2.3721982792616965
2.3241624573949897
2.2869032302066499
2.2580029229617402
2.2294998799346999
2.3294404027889328
2.2888297333831344
2.257329863101182
2.2328968300510494
2.2139452248956815
2.1952541288945486
3.0277547134117517
2.8081376958745015
2.6377906500032235
2.5056601058292065
2.4031723836945114
2.3020934598960965
2.6795391590521396
2.535523562034812
2.4238171387855907
2.3371714889387469
2.2699643541918846
2.2036810501038522
2.4479049059209101
2.3534655386258434
2.2802131676890669
2.2233945971972302
2.1793229867981339
2.1358571856619832
2.2928618322864605
2.2309324699134239
2.1828966480467171
2.1456374208583773
2.1167371136134676
2.0882340705864273
2.1881745934406611
2.1475639240348627
2.1160640537529103
2.0916310207027777
2.0726794155474098
2.0539883195462769
