4.0061044237758319
3.5286343046075812
3.4365270026460313
3.3771836936471464
3.3150539599917193
2.6503095695751893
2.628901970657008
2.5980472160950843
2.5308090613643439
2.4449052113688485
2.4307544539371038
2.5539647304376185
2.4939171539707701
2.4360011304661606
2.4028125314296673
2.3439432025866318
2.3140958160940106
2.3036458200794727
2.484213993429683
2.4734461181391865
2.464141919705261
2.440532623654986
2.402821036333874
2.378715117919624
2.3389718620131394
2.3394599743658362
2.3209576049002747
2.3047014238856756
2.2901046345858314
2.269424144342358
2.2513235554574682
2.3895821222394229
2.3705397185504071
2.3765377193305945
2.3614439071956603
2.3998432734630684
2.3845048686441039
2.3679812358258685
2.454993564539877
2.4460752987137431
2.4325298281748262
2.2792886395062961
2.2610929699604676
2.2470995511487257
2.3246779039353909
2.3214173294993796
2.3207025365840162
2.3208249737898239
2.328357654195464
2.3013349779634407
2.2491736520802474
2.2504512159588703
2.2929486659692619
2.2799156934769402
2.2635967363677167
2.2555240475598644
2.184835040635392
