0.68197062203899628
0.68197062203899628
0.68197062203899628
0.60226440107318502
0.60226440107318502
0.60226440107318502
0.58151955172557512
0.58151955172557512
0.58151955172557512
0.58263611307429042
0.58263611307429042
0.58263611307429042
0.57870669417117071
0.57870669417117071
0.57870669417117071
0.58196592952804149
0.58196592952804149
0.58196592952804149
0.57979150749546149
0.57979150749546149
0.57979150749546149
0.59162074097278272
0.59162074097278272
0.59162074097278272
0.63943708249169395
0.63943708249169395
0.63943708249169395
0.62913813689834885
0.62913813689834885
0.62913813689834885
0.60603070278989668
0.60603070278989668
0.60603070278989668
0.67792904391924691
0.67792904391924691
0.67792904391924691
0.81438846873468695
0.81438846873468695
0.81438846873468695
0.64370725108753624
0.64370725108753624
0.64370725108753624
0.83120927481386042
0.83120927481386042
0.83120927481386042
0.80950466884536121
0.80950466884536121
0.80950466884536121
0.84204046703672941
0.84204046703672941
0.84204046703672941
0.63099846824961225
0.63099846824961225
0.63099846824961225
0.63641041617412775
0.63641041617412775
0.63641041617412775
0.59433760681242354
0.59433760681242354
0.59433760681242354
0.60831742825816748
0.60831742825816748
0.60831742825816748
0.58611423397037821
0.58611423397037821
0.58611423397037821
0.59810386952204098
0.59810386952204098
0.59810386952204098
0.59472232255127189
0.59472232255127189
0.59472232255127189
0.60616171159819121
0.60616171159819121
0.60616171159819121
