2.9554929511841443
2.7269679791526329
2.7103284202653164
2.8545948019137306
2.7925700362815924
2.886777956163975
2.6736026287453463
2.6678831154471077
2.5023240100858821
2.5556653547627164
2.4603623722537087
2.7101381058825673
2.6403857556468928
2.5690281815993714
3.2784220409719396
2.6819815998013325
2.7029960798172858
2.6193345813588245
3.0757832048927085
3.0778156586719589
3.0151016390122862
3.3080784410431292
3.0819309719847219
3.09719312929818
3.2166316787618889
3.1587392191331354
3.0509647863059399
2.8442567650429567
3.0400402680965932
3.6100363903710289
2.9974728856054966
3.0542683781027549
2.9355479899354044
3.2453898554899254
2.8837765291928292
2.947308782028653
