3.3937762867896373
3.3963069302143465
3.4088350230372675
3.4315551446842258
3.3448116882364887
3.3383951990602583
3.3457880704308058
3.3675013784398362
3.3398816213035185
3.3270876242223633
3.3314079755873913
3.353461914160428
3.3695264407977668
3.3511341194361748
3.3528700401607252
3.3753433783225288
3.4203741424928986
3.4988137985776175
3.4988137985776175
3.3937762867896373
3.3937762867896373
3.3448116882364887
3.3448116882364887
3.3398816213035185
3.3398816213035185
3.5168535035768009
3.5168535035768009
3.3963069302143465
3.3963069302143465
3.3383951990602583
3.3383951990602583
3.3270876242223633
3.3270876242223633
3.5403870087057716
3.5403870087057716
3.4088350230372675
3.4088350230372675
3.3457880704308058
3.3457880704308058
3.3314079755873913
3.3314079755873913
3.5688594070692972
3.5688594070692972
3.4315551446842258
3.4315551446842258
3.3675013784398362
3.3675013784398362
3.353461914160428
3.353461914160428
3.6021156587106553
3.6021156587106553
3.4653412409549418
3.4653412409549418
3.4049231220426828
3.4049231220426828
3.3949168177270801
3.3949168177270801
3.6405241753853299
3.6405241753853299
3.5119166303900187
3.5119166303900187
3.460523113467199
3.460523113467199
3.4587190985583476
3.4587190985583476
3.427631157447995
3.4035653315137928
3.4025143898252002
3.4249969525666288
3.4729050305518148
3.5497649690352304
3.3695264407977668
3.3511341194361748
3.3528700401607252
3.3753433783225288
3.4203741424928986
3.4912424155919228
3.427631157447995
3.4035653315137928
3.4025143898252002
3.4249969525666288
3.4729050305518148
3.5497649690352304
3.3695264407977668
3.3511341194361748
3.3528700401607252
3.3753433783225288
3.4203741424928986
3.4912424155919228
3.427631157447995
3.4035653315137928
3.4025143898252002
3.4249969525666288
3.4729050305518148
3.5497649690352304
