3.2607766422948368
3.0551465329109608
2.8956485028013872
2.7719330523498034
2.6759725400480319
2.581331102921935
2.9034748357962004
2.7686312644748923
2.6640391691573111
2.5829117836047701
2.5199849183538565
2.4579230470890985
2.6691713489392748
2.5807466100697796
2.5121595159671886
2.4589595909509496
2.4176948011422419
2.3769972379829185
2.5155249834663329
2.4575397612752461
2.4125632316075487
2.3776769598230891
2.3506172473898732
2.3239294983203851
2.414770163551009
2.3767458952784004
2.3472521800631969
2.3243752312956616
2.3066306107521406
2.2891299081275562
3.2120897590090061
3.0064596496251301
2.8469616195155565
2.7232461690639727
2.6272856567622012
2.5326442196361043
2.8547879525103697
2.7199443811890616
2.6153522858714804
2.5342249003189394
2.4712980350680258
2.4092361638032678
2.6204844656534441
2.5320597267839489
2.4634726326813579
2.4102727076651189
2.3690079178564112
2.3283103546970878
2.4668381001805022
2.4088528779894154
2.363876348321718
2.3289900765372584
2.3019303641040425
2.2752426150345544
2.3660832802651783
2.3280590119925697
2.2985652967773662
2.2756883480098309
2.2579437274663099
2.2404430248417255
