3.189936207700661
2.9782804420700066
2.7999758083231878
2.6493801039535074
2.5220391331871488
2.4144081748895823
2.3236461788214084
3.1485186665139677
2.9351139165307876
2.7553202472672682
2.6034081488716883
2.4748582005055968
2.3660762568765676
2.2741832232988326
3.1212517721018109
2.90539619353234
2.7235345743344901
2.5698305283197165
2.4396840614938964
2.329439485023129
2.2361700404238154
3.1069534354325015
2.8879560149665071
2.703455077176383
2.5474877779148795
2.4153582201237827
2.3033370818916725
2.2084403510339907
