3.2100970559118314
2.9620657602104572
2.7694512079589066
2.6171014411724864
2.4940073260648288
2.3921698287917534
2.3057769986443852
3.1451664338934995
2.8971351381921262
2.7045205859405748
2.5521708191541546
2.4290767040464969
2.3272392067734216
2.2408463766260533
3.0868219809074655
2.8387906852060913
2.6461761329545403
2.4938263661681201
2.3707322510604629
2.2688947537873871
2.1825019236400194
3.0336607064142895
2.7856294107129163
2.5930148584613648
2.4406650916749442
2.3175709765672869
2.2157334792942112
2.1293406491468434
