-0.10524895931312983
-0.08276929171841374
-0.018337097503060562
-0.53913045171789431
-0.53913045171789431
-0.53913045171789431
-0.53913045171789431
-0.53913045171789431
-0.53913045171789431
-0.53913045171789431
-0.53913045171789431
-0.53913045171789431
-0.53913045171789431
-0.013891141104450413
-0.013423373425452911
-0.012446602697657126
-0.18673559137237605
-0.18673558844314472
-0.18673558844314472
-0.18673558625119333
-0.18673558243167726
-0.18673558141888949
-0.18673558141888949
-0.18673557833966742
-0.18673557801577059
-0.18673557776829955
-0.18673557757578269
-0.18673557705444391
-0.1867355767988515
-0.18673557660942461
-0.38867979096907485
-0.38865348435909985
-0.38859879776241441
-0.3885846001452618
-0.3885846001452618
-0.3885846001452618
-0.38855600327806611
-0.38855236018750566
-0.38852036202965412
-0.38850417848083035
-0.38848144414370034
-0.38848144414370034
-0.38845648278622802
-0.38844320838200164
-0.38844320838200164
-0.38843193128166953
-0.38840784998778688
-0.38839994085875967
-0.38839994085875967
-0.38836667536263925
-0.38836147069208987
-0.38835699713979283
-0.38835311287881136
-0.38833949785681399
-0.38832895132588058
-0.38831216254232465
0.00057570088122178972
0.0007922813352644767
0.0012235097730950105
-0.45555254214940533
-0.45611822618280939
-0.45666080921362351
-0.45718210401552994
-0.45751860839525449
-0.45763494917419223
-0.45769519922834689
-0.46048437041047663
-0.46048437041047663
-0.46290745913273668
-0.4634499771233962
-0.46587293896046589
-0.46829579712971281
-0.46915342009332051
-0.47116219909898405
-0.47174424411928584
-0.47174424411928584
-0.47174424411928584
-0.47301069591264877
-0.47318215013434184
-0.47480458577273765
-0.47571777639282686
-0.47713174131035174
-0.47713174131035174
-0.47890588781817911
-0.4799693376091767
-0.4799693376091767
-0.48095392051880026
-0.48337613343958452
-0.48429270359034859
-0.48429270359034859
-0.48917767618272734
-0.49016209894819696
-0.49107855922849097
-0.49193583713518052
-0.49554784370993588
-0.49936877965112103
-0.51034712410178429
-0.55219953165821045
-0.55323688869917997
-0.55563001753589014
-0.5563139499066434
-0.5563139499066434
-0.5563139499066434
-0.5577875797181524
-0.55798556429341362
-0.55984132611501258
-0.5608718771795389
-0.56244798648426508
-0.56244798648426508
-0.56439241770479309
-0.56554050957496282
-0.56554050957496282
-0.56659196712417603
-0.56913241496461242
-0.57007682047178221
-0.57007682047178221
-0.57495806272929584
-0.57591146190490039
-0.57679013021973613
-0.57760435477829464
-0.58095473421646759
-0.5819166418784274
-0.58436182554311178
-0.59341597268381796
-0.42405657372007899
-0.42405502172440529
-0.42405285556146149
