1.8647996937705975
0.91891811881504593
1.4958714318225139
1.6634219152805807
0.8240023616742731
1.3580520455453007
1.7903863557231845
1.1414605543967766
1.5275653620731566
2.0394856935838344
1.0381715796563258
1.6728026930748567
1.7941216836797473
0.81154632516638803
1.5155239883199627
1.6623794445905256
0.75397204232205872
1.305162358873057
1.5983354696192709
1.0352603241002125
1.3231742096615273
1.7796143712501522
0.93044517352259737
1.5063266877503547
1.721702768445091
1.7575546163611142
1.2859433475309614
1.8600154131482332
2.1856080434361584
1.2560148314117756
1.6691826869700854
2.0125332890036911
1.3313307759255359
1.8691209771908817
0.91931445906019815
1.5142442870692701
1.6020229548976479
0.60206367713912745
1.2038874536425168
1.8580486141688504
0.67784903978783995
1.3324703010314252
