2.1687471373694143
2.1618125640360004
2.1400021213312077
2.1282718337855528
2.1185266737858144
2.1127101381864368
2.112427099365545
2.1190109990884749
2.1334285383504019
2.1563067319305027
2.1674710741216714
2.1599911395976279
2.149277666822651
2.1365673922498551
2.123650634151538
2.1123658378736367
2.1045720734372657
2.1017509076683409
2.1050813454259569
2.1153507161647931
2.1329664396052204
2.1580995837938008
2.1677109235696816
2.1599870688376881
2.148951091072465
2.135805945114071
2.122307021598866
2.1102429174286548
2.1014167083854551
2.0972282948874148
2.0987504968133162
2.1066407937115463
2.1211415344380944
2.1422174302034493
2.1684328184109263
2.1606294238731452
2.1494858852958685
2.1361924107434525
2.1224903956213121
2.1101482193240311
2.1009452095980481
2.0962464403207131
2.0970782779519843
2.1040394922821433
2.1172958538536606
2.1367136204885688
2.1692610471791038
2.1614173025911922
2.1502185065047752
2.1368478657994943
2.1230388505744129
2.1105483002973333
2.1011416698066712
2.0961635881250715
2.0966127624608357
2.1030523818606586
2.1156011363383085
2.1340638140437354
2.1705723546657771
2.162694688556233
2.1514489633603073
2.1380121176440916
2.1241103585489225
2.1114898770296193
2.1019030951429976
2.0966753436236236
2.0967789227020854
2.1027425739127366
2.1146388756188124
2.132211663661133
2.1728250894929633
2.1649178419304347
2.1536307385602917
2.1401348730444623
2.1261495159331067
2.1134106082761601
2.1036577912564094
2.098197360682696
2.0979752503980924
2.103485296625708
2.1147527692906194
2.1314581416946918
2.1760275978492372
2.1680992304354634
2.1567822513310109
2.1432432923038047
2.1291962044805186
2.1163688542312054
2.106490629192654
2.1008524558095467
2.1003787162484207
2.105534295933646
2.1163047339680059
2.1323165865466382
2.1801740784855546
2.1722310926005677
2.1608932256582047
2.1473238338208245
2.1332327100100366
2.1203416275370577
2.1103721140671259
2.1046032415572999
2.1039425874772357
2.108832172822984
2.1192258092325327
2.1949855194124508
2.1870213874157471
2.1756529008121528
2.162038299860257
2.1478808771565707
2.1348925419664924
2.1247818350987933
2.1188080666131608
2.117850389530346
2.1223114916054771
2.1320897865603925
2.1466910275901814
