1.8949040913955149
0.94701101379544284
1.4916991544790883
1.7295102739886512
0.80444228517926486
1.3549693087315875
1.7770503245386968
1.1871383837715985
1.537389722228157
2.1446804426705155
1.0470242926643483
1.6741072285201972
1.8441126068812232
0.78401763607394626
1.3840793786469225
1.7528828103212717
0.67457891601446407
1.326663222003803
1.5939130465612183
0.96061543976655173
1.3211980371661316
1.8640537852234287
0.86630120623881279
1.5094844444400235
1.7174464634472582
1.7456931189872431
1.2756131655102729
1.847726460068345
2.1758357093293799
1.2324277678785784
1.6474271066315673
2.0197856527543787
1.3253117681314852
1.9226950405220145
0.87006043744673012
1.4816731284609423
1.6510068773725179
0.60360413973242122
1.1971673408528265
1.8848137468458932
0.68577626819114634
1.3447764873133605
