-0.48782084681963744
-1.4791170177463417
-2.0375294315194306
-2.4036092860126761
-2.6672382633298599
-2.8688610840124005
-3.0296043477866288
-3.1617095054250286
-3.2728239333197351
-3.3680049696158423
-3.4507495811851574
-3.5235640496764211
-3.588298335287142
-3.6463520167949142
-3.6988063257320127
-3.7465117179622913
-3.7901476682329847
-3.8302645396632231
-3.8673135550143587
-3.901668672305016
-1.8500486137302308
-2.7255540608515512
-3.156997002095201
-3.4263207671375335
-3.6151608015845866
-3.757122123253704
-3.8689315500737402
-3.9599844698267077
-4.0360224573785963
-4.1007801160754278
-4.1568064230159134
-4.20590909727082
-4.2494108664105772
-4.2883050727762404
-4.3233542646940215
-4.3551549363416626
-4.3841813544800878
-4.410816018350455
-4.4353713207533616
-4.4581052661420104
-2.618632256131094
-3.3512124325361974
-3.6990789956435974
-3.9129414464388383
-4.0615878722314864
-4.1726869704267946
-4.2598236323175191
-4.3305579846680953
-4.3894787489772842
-4.4395550305363596
-4.4828048361417361
-4.5206543878307484
-4.5541442431198735
-4.5840539045712791
-4.6109804799206326
-4.6353901703691687
-4.6576530302695165
-4.6780670667296196
-4.6968753407357324
-4.7142783524292389
-3.491138552611043
-4.0304535891107038
-4.2791498766767422
-4.4301225726302498
-4.5342823922682864
-4.6117451573884178
-4.6722803711822856
-4.7212840033656285
-4.7620128822389098
-4.7965651114244583
-4.8263616728964198
-4.8524039062005846
-4.8754205732716729
-4.895956445496692
-4.9144280529491091
-4.9311600792608363
-4.9464098748062373
-4.960384417379748
-4.9732523255384971
-4.985152544835131
-4.1879072316770625
-4.5583917020444762
-4.7263131965251937
-4.8274696783025757
-4.896941034287881
-4.948445810564964
-4.9886037897161266
-5.0210547473979279
-5.0479880662312571
-5.0708104118750725
-5.0904724060014743
-5.1076427217114038
-5.1228072630379096
-5.1363287768003136
-5.1484842971172178
-5.1594895507051701
-5.1695153712552777
-5.1786990421922949
-5.1871523217328974
-5.194967239484173
-4.595776773188657
-4.8662329350927438
-4.9878409303165228
-5.0608324634761264
-5.1108516904792287
-5.1478798081943085
-5.1767187671889729
-5.2000032460305921
-5.2193155060062999
-5.2356708534623593
-5.2497547216881362
-5.2620488328315762
-5.2729029825714635
-5.2825781418491449
-5.291273506808035
-5.2991441156438315
-5.3063126892302934
-5.3128778083799686
-5.3189196961807523
-5.3245043926186515
