3.2579882466983525
3.0552420851501525
2.8979810037058669
2.7760006537541013
2.6813859808947749
2.588071883274468
2.8963463198305197
2.7633939201223194
2.6602687215924887
2.5802791419219728
2.5182348215346981
2.4570433636537015
2.6639182007701265
2.5767336126501839
2.5091084477231655
2.45665464791723
2.4159685938861526
2.3758418111905577
2.5141566811858564
2.4569846976617153
2.4126389606623677
2.3782419663884298
2.3515617645207612
2.3252483092567795
2.4174424288826462
2.3799514483008162
2.3508713803691546
2.3283152792006536
2.3108195257134443
2.2935642692134972
3.2093013634113743
3.0065552018631743
2.8492941204188886
2.7273137704671231
2.6326990976077966
2.5393849999874898
2.8476594365435415
2.7147070368353412
2.6115818383055105
2.5315922586349946
2.4695479382477199
2.4083564803667232
2.6152313174831483
2.5280467293632056
2.4604215644361873
2.4079677646302518
2.3672817105991744
2.3271549279035795
2.4654697978988782
2.4082978143747371
2.3639520773753895
2.3295550831014515
2.3028748812337829
2.2765614259698013
2.3687555455956679
2.3312645650138379
2.3021844970821763
2.2796283959136754
2.2621326424264661
2.244877385926519
