3.2228773131475243
2.9831615940397596
2.7897163690554478
2.6336103982227828
2.5076363704847164
2.4059781470431325
2.323942233939893
3.1701811514975109
2.9304654323897461
2.7370202074054344
2.5809142365727697
2.454940208834703
2.3532819853931195
2.27124607228988
3.126688765685679
2.8869730465779142
2.6935278215936025
2.5374218507609378
2.4114478230228711
2.3097895995812876
2.2277536864780481
3.0907926479467847
2.8510769288390199
2.6576317038547081
2.5015257330220435
2.3755517052839767
2.2738934818423933
2.1918575687391537
