3.2219583883284781
2.9829297114323508
2.790501279584114
2.6349543508607325
2.5087330397308474
2.4059321221059551
2.321913531574308
3.1692622265696064
2.930233549673479
2.7378051178252418
2.5822581891018608
2.4560368779719761
2.3532359603470834
2.2692173698154363
3.1257698406540175
2.8867411637578906
2.6943127319096534
2.5387658031862719
2.4125444920563872
2.3097435744314945
2.2257249838998474
3.0898737228180067
2.8508450459218793
2.6584166140736425
2.502869685350261
2.3766483742203759
2.2738474565954836
2.1898288660638365
