-0.11014934522274494
-0.088372370227153663
-0.025794717187445831
-0.55038323191530303
-0.55076499883670027
-0.55076499883670027
-0.55279979223087228
-0.55320986902561808
-0.55359164206777811
-0.55394876745332622
-0.55545352409152982
-0.55704543249535643
-0.56161994434602769
-0.0059508026359590743
-0.0034281880919007912
0.0038206076418761869
-0.19746992715870387
-0.19814395245772326
-0.19814395245772326
-0.19876799620598468
-0.20030325569977558
-0.2008842106878598
-0.2008842106878598
-0.20398058500085836
-0.20460459125803399
-0.20518552480367436
-0.20572894989974316
-0.20801865888079718
-0.21044094407459812
-0.21740148053520356
-0.40293998137365722
-0.40352738141970917
-0.4049033094366366
-0.40530200562086438
-0.40530200562086438
-0.40530200562086438
-0.40616954414097173
-0.40628699582978972
-0.40739845013136944
-0.40802405958539884
-0.40899277432474757
-0.40899277432474757
-0.41020830753360749
-0.41093694478482629
-0.41093694478482629
-0.41161156367213303
-0.41327129352782543
-0.41389936441677272
-0.41389936441677272
-0.41724697103172331
-0.41792162714531012
-0.41854971932524954
-0.41913726225120029
-0.42161289840988525
-0.42423193114302293
-0.43175804400825618
0.0021444055322343367
0.0031854796658211931
0.0061769309862940124
-0.47739213018444654
-0.47866009789851111
-0.47987629674501925
-0.48104478869824702
-0.48179907504303915
-0.48205985798446915
-0.48219491131930842
-0.48844712345659103
-0.48844712345659103
-0.49387896957574873
-0.49509516535004577
-0.50052700768885239
-0.50595884778617739
-0.50788162013542382
-0.51238537298052966
-0.51369036797471435
-0.51369036797471435
-0.51369036797471435
-0.51652990793504616
-0.5169143341480712
-0.52055213682773183
-0.52259972583820058
-0.52577023401078904
-0.52577023401078904
-0.52974848257157869
-0.5321331635002462
-0.5321331635002462
-0.53434103309125003
-0.53977286699422433
-0.54182834416565706
-0.54182834416565706
-0.55278382140001292
-0.55499169041721097
-0.55704716726046422
-0.55896993740735945
-0.56707154870681353
-0.57564234403572578
-0.60027124196602699
-0.55292873779749718
-0.55411575276435909
-0.55689607620525494
-0.55770168381731389
-0.55770168381731389
-0.55770168381731389
-0.55945459096470052
-0.55969190376572331
-0.5619375647771041
-0.56320155529248206
-0.56515871664390382
-0.56515871664390382
-0.56761447545979438
-0.56908652008259786
-0.56908652008259786
-0.57044941419090645
-0.5738024040729226
-0.57507121195700117
-0.57507121195700117
-0.58183376901935435
-0.58319662484857326
-0.5844654108395213
-0.58565227888564708
-0.59065314090137289
-0.59212512155730623
-0.59594358817934401
-0.61114602687134389
-0.46633521404371153
-0.47131475785169713
-0.48562401731279226
