2.1554955090355823
2.1480587675803688
2.1241580105178097
2.1113400838994472
2.100848800664739
2.0948696585585314
2.0951580629050839
2.1030844073804897
2.1194925307591093
2.1446924005360137
2.153360646461191
2.1452034408792819
2.1333494031278217
2.1192468084400624
2.1049598556472535
2.0925940086144106
2.0842406208736675
2.0815132080111418
2.0856001405987494
2.0971258898660396
2.116118172885268
2.1421020684092524
2.152724581460657
2.1441217665557133
2.1317099120734304
2.1168935687451005
2.1016980186538841
2.0881727480298853
2.0783508819142704
2.073758176644894
2.0754704209325858
2.0839764064920976
2.0991292776235277
2.1202307990361828
2.1530691259180599
2.1442893066550344
2.1316558769334946
2.1165560192947019
2.100999557361551
2.0870137420005173
2.0766085688070097
2.0712749345039652
2.0720439081811848
2.0793503871123034
2.0929781720269927
2.1121403231194633
2.1536998816629862
2.1448214559935117
2.1320645901128965
2.1168067910107724
2.1010492706394928
2.0868068928863228
2.0760767682880559
2.070330373812125
2.0705738659350179
2.0772121181658498
2.0899903009973642
2.1080720587022408
2.1548628863502017
2.1458959556032444
2.1330282984747115
2.1176287375748162
2.1016907553726467
2.0872180977095507
2.0761963100206984
2.0700794388952386
2.0698512802668625
2.0758897595416061
2.0879053742915006
2.1050174150791436
2.1570405247004349
2.1479916329082864
2.1350213763952257
2.119490535511809
2.1033854347589589
2.0886995239962571
2.0774076386765352
2.0709476838063021
2.0702827481066146
2.0757658014130809
2.0870752320797963
2.1032892564559931
2.1602837310732506
2.1511733740221404
2.1381261748868292
2.1224968828652551
2.1062664544647283
2.0914206182525508
2.0799261779167515
2.0732089333649517
2.0722164443045892
2.0772829655756881
2.0880628057833492
2.1036033783855612
2.1645815565053916
2.1554272308814801
2.1423249915926741
2.1266252735107773
2.1103051932012877
2.0953449558804715
2.0837056197918358
2.0768043255787161
2.0755775244202961
2.0803460835672576
2.0907470864113926
2.1801953755470587
2.1709758387673714
2.1577919677176314
2.1419877985585711
2.1255347527187367
2.110404843560945
2.0985506080815046
2.0913763440999742
2.0898020273923059
2.0941286696596721
2.1039678070450747
2.1183121383374011
