1.9351070166603204
1.0427195778130882
1.4798896575558003
1.7461424978234752
0.8846919789767379
1.3300186380703787
1.7536981221497225
1.1910410510809468
1.5165265873608402
2.1137236844305636
1.0869595391085707
1.6536209608423968
1.8516405382019248
0.88527771523586696
1.3450612067473982
1.7283449318129134
0.7727107363888317
1.2884041492845926
1.5700503227672507
1.0178229628418285
1.2919183493607902
1.8452755475403262
0.9307814462446804
1.4779584762776481
1.6780499587726909
1.7129471130800893
1.244447021030491
1.8254860311280996
2.138627297497572
1.2375983673131337
1.6222169433397167
2.0030973192749486
1.3037309495044234
1.9714392500475109
0.95297945162079845
1.4681880211150067
1.6240638775655267
0.5810404260874108
1.176708742747036
1.8628811182734961
0.66273996281964664
1.3265019976654908
