-0.045502471026705779
-1.2350913845109355
-1.8597279693719695
-2.260603895120969
-2.546404016887164
-2.7637373677404118
-2.9363820642685217
-3.0779238070954631
-3.1967714411367272
-3.2984496235663801
-3.386760026830923
-3.464417251270107
-3.5334192051272857
-3.595273873733456
-3.6511440204005794
-3.7019427900166693
-3.7483987801520722
-3.7911014836158072
-3.8305337436468165
-3.867095396423005
-1.62050662226945
-2.5797778037967958
-3.0438023648522172
-3.3318234104760118
-3.533270187777771
-3.6845178073102112
-3.8035607146270385
-3.9004691833326368
-3.9813825017386009
-4.0502874105333273
-4.1099017971113536
-4.1621515245579994
-4.2084448726672354
-4.2498389262988594
-4.2871448724182848
-4.3209970777187205
-4.3518998160608717
-4.380259724108118
-4.4064088697974153
-4.4306214845788956
-2.453339989605078
-3.2413887226855445
-3.6126119793470535
-3.8403620705962083
-3.9985551653118425
-4.1167694676637154
-4.2094908487562606
-4.2847695590758477
-4.3474877615393908
-4.4008028435705597
-4.4468601305692737
-4.4871755613864046
-4.522855051209647
-4.5547270379962121
-4.5834261212182277
-4.609447794000884
-4.6331853854320117
-4.6549556698456866
-4.6750170374811804
-4.6935826535526415
-3.3908479633907471
-3.965589544510876
-4.2302227601479228
-4.3909005086237194
-4.5018066231464653
-4.5843268814855191
-4.6488444930056936
-4.701094422797361
-4.7445385780245575
-4.7814076179187399
-4.8132126402847843
-4.8410187384870778
-4.8656012575000052
-4.8875399264643296
-4.9072781050379017
-4.9251614666605716
-4.9414640569108998
-4.956406326054446
-4.9701679035855308
-4.9828968362833033
-4.1525959679323892
-4.5468976338095928
-4.72580917636264
-4.833697129218927
-4.9078532447600471
-4.9628687320688698
-5.0057884759651987
-5.0404880540809529
-5.069299820246373
-5.0937229576099732
-5.1147710153452914
-5.1331571893319525
-5.1493999093555409
-5.1638863224132834
-5.1769121808786851
-5.1887078477473336
-5.1994557916736097
-5.2093026794707065
-5.218367933600593
-5.2267499147102345
-4.6237347185439184
-4.9119941741227127
-5.0418357170987722
-5.1198611663210158
-5.173376124846774
-5.2130185939782425
-5.243910454474431
-5.2688637142979839
-5.2895680446356668
-5.3071081820082036
-5.3222167325763134
-5.3354087591818704
-5.3470583896055857
-5.3574448306706408
-5.3667812551528478
-5.3752336204909206
-5.3829333206054368
-5.3899859255508833
-5.3964773629606189
-5.402478381772557
