4.0859126202438105
3.6326370845815426
3.5333163345214587
3.470824747755561
3.4071102857900684
2.61438113839057
2.601587169201867
2.583937390012622
2.4733734315830382
2.3531566403802984
2.3516697194514258
2.4810940264208874
2.4614365086023575
2.3906161200763627
2.3763052125127295
2.2576588761658627
2.2448456262892194
2.2395492069451706
2.4782511181854723
2.4649115295478197
2.45561458032498
2.4260350709596388
2.34405911161069
2.3370689719587823
2.3110094885306083
2.311513980927728
2.2790439152793702
2.2501817134043947
2.2362549287965336
2.2306713731169516
2.236304276177215
2.37890317120905
2.3541392998994617
2.3604449526729354
2.3511968422637572
2.391532051876162
2.373428449431497
2.353737975173953
2.4402172642118707
2.437680414473661
2.425993378403362
2.253818981949351
2.2242897869849827
2.2019105393342358
2.3069598870563617
2.3067551074194625
2.309906298394946
2.3140068850366795
2.3166348358831925
2.285731152243063
2.2639095320459894
2.2761157265498717
2.2988632904891126
2.2862990368311777
2.2731231748185934
2.2631703810567387
2.240397261610692
