task datadecide seed 1 seconds 3055.0 groups 25 inputs N,ln_N
chosen: f = ((17.97055184419712 / #2) - (#5 * 0.08856458761055619)) ^ ((#5 * (741.3175355269994 / #2)) / #2); p1 = [-1.2845838283272548, 0.5083581692808666, 0.5497898039362987, -4.336996335733798, 0.41616998595873556, 0.7750942702126635, 0.456110197896191, -0.13161016639620654, -0.1058815432675151, 0.059258954806287664, -0.5182007290194517, 0.18466196735415466, 6.381270468016839, 2.15984743827023, 0.1325118949591491, 2.3163186685224355, 0.22367721919999878, 0.2024472433388414, -0.7433284122780335, -1.0185732257720417, 0.741740993697334, 1.1958674178223674, 1.7125195219693898, -0.06965715076969313, 0.3224005751777832]; p2 = [-0.7854909924475681, -0.5078160065457987, -0.5495154027116376, 0.1411944147498658, 1.3361948068557348, 0.16187478841270966, -0.07116130967691309, 0.05619682588941289, -0.0435916194550207, -0.7865035331546022, -0.5171965376748394, -0.10602341088188345, 0.08235106712231956, 3.6036102262857628, -0.14502360491865404, -0.05837652505542451, -1.0821818058191337, 0.23115376027375434, -0.002052165979803854, 1.9895990603081193, -0.910143009410983, -1.1221225647887842, -0.7409333990448052, -0.3875059790723208, 1.768917211389686]; p3 = [0.8937723501159298, 1.113462966236677, 1.1955487588043843, 1.1874174547019085, 1.1952066663863703, 1.1806105488288248, 1.1688340978102292, 1.1496213096205092, 1.0810818344016733, 1.1029526673923489, 1.1254517380781228, 0.9680869617736577, 0.6197893186551741, 1.0191472001458597, 0.5704484456432254, 0.6370249768348669, 0.5362315726237172, 1.0364060726576312, 1.0133014922305628, 1.0969752859615032, 1.0629085027183653, 1.1560336360349033, 1.1140191654526372, 1.0861905419022273, 1.0415615389871296]; p4 = [-3.138356808308343, -1.0133807921408364, -0.8383002927803038, 0.02861611922779127, 0.5147635522507003, 0.2310655195761598, 2.3398008049047254, 1.935776408563293, -0.28451084099564683, 1.439725521895526, -2.2141297098307526, 3.544748358630633, -0.8024768932048946, -0.3412712365122919, -0.5332306005356078, 0.4483281417973374, 2.5020279758215827, -0.11176285370953343, -0.8685763427270818, 0.09988598788384548, -0.29612400278729495, 0.3867370462693581, -0.06868523298661061, 0.04006105328516229, 0.7219420242615887]
front:
  1  0.04753877151872499  f = #4; p1 = [0.5514429348567659, -1.132685330707164, 1.6112240339111545, 0.04165849293225989, 0.8302414154056775, -2.317227411892596, 0.4824853470937988, 0.525462040782321, -1.6943080022698627, 0.8107657816793014, 2.9166282954244505, 0.4281042035448344, -1.9535662499882938, -0.049893619732565855, -0.47056718501725414, 0.21080227349534547, 0.876389618283559, -0.0503293902324778, -0.6001870440422846, -1.1057135930125503, -0.12755300964803046, 3.6519561786294805e-5, -0.8676559050187904, 0.6521082805163176, 1.8077085194648679]; p2 = [0.9743025197025262, 0.8985543738343016, 0.8675863616899087, 0.8725460516042567, 0.8701608140347443, 0.8747141562932692, 0.878158953821536, 0.8844504737034167, 0.8973166055929134, 0.892911020847646, 0.8911099442432822, 0.9331007862520841, 0.9875838832653606, 0.926021142002981, 0.9950786638185566, 0.9895143624644598, 0.9980669943978904, 0.9261979247722573, 0.9353261529433928, 0.9060180946086791, 0.919700488791193, 0.8849178664004913, 0.8994905633120445, 0.9093186921564127, 0.9278461084036245]; p3 = [-0.64455756122173, 0.6127708615392832, 0.02865433170522281, 2.0015103334813182, -0.19298768850300457, -1.2009790195877919, -0.8959485864563963, -0.06446265529240516, 0.49910378155407775, -0.8106272507990497, 1.1873329032820836, 0.9096996892368739, -0.575934580615152, 0.0030812636994069663, 0.10393648583054418, -1.6617526851555293, -0.9030305588372409, -0.7953453680007636, 0.8425316281025185, -0.011142665144290919, -0.5083806548055423, -0.12500898169846608, -1.0753159657746687, 0.22584843736849866, -0.4138276430149537]; p4 = [-0.13940076662619333, -0.29849514969297075, -0.8823867234087654, -5.168852124145765, 0.8993630021691699, -0.5607658976411101, 0.46851320750535347, 0.1999122132875594, 0.1533833945231495, 0.08318556735119122, -0.881496276977939, 0.9879528201983431, 0.41089408139411665, -1.1415385431903344, 0.6542306074539153, 1.6377831023610405, 0.023990215310144704, -0.2358295759540556, 2.689737177588751, 2.391125451678305, -1.410081947369682, -0.1335511202049257, -1.5161898241242013, 0.22953659317487546, -0.1348179471627436]
  3  0.01913703338581879  f = #5 / #2; p1 = [2.246810107090668, -0.7751781588436172, -0.10163436989673282, -1.1813976460475109, -0.2918451663944883, -0.26497466323479385, 3.2415803798872114, -0.1451432847115131, 1.1654987599485556, 0.0004849362601197327, -0.7008896827284227, -0.446136276972484, 0.19704219354203592, 5.956406130419409, 0.00508899016996583, 0.23267606328745083, -0.06685212119981496, -0.40706945237999237, 2.4272108916444615, 1.9460817799211645, 0.9241668986858713, -1.28063842184122, -0.8442407621810454, 1.5875888700173992, -0.02355611040232128]; p2 = [0.018713821294946562, -0.2449273199199918, -0.3639057926380208, 0.07499150495580127, -0.04358016436336585, -0.002496484155452598, -0.30295582320831815, 5.08615967738965, 0.06925903106578023, 0.030341643618735144, -0.2294675325185085, 0.3054175776332636, -1.0124074452100242, -1.2265098607319558, -0.430208503288771, -1.7498029668775468, -4.484377605265729, -0.15241125978259246, -0.13924901427709982, 1.372624053791264, -0.40032446873420907, 0.016933941653537416, -0.20518928000629721, 2.378137533189057, 0.3752687695582116]; p3 = [17.11736711904477, 15.82153222511869, 15.272214644838064, 15.366774995945903, 15.326928651554827, 15.405687900722734, 15.472937866654977, 15.573775075502773, 15.752830092340377, 15.683865671663934, 15.67992302149491, 16.36515422360082, 17.191890002678463, 16.277698512262738, 17.309168448239618, 17.23789582654092, 17.351690947404837, 16.29554113002947, 16.457637163854738, 15.964700447450884, 16.20453114988482, 15.59048129075249, 15.844259220750597, 16.024119558343152, 16.35158920609487]; p4 = [-0.09515435510158411, -0.8475895982997232, 0.47813672689517683, -0.07923347884792385, 0.8025957822321294, -0.027487195292639332, -0.5718661494500297, 2.5694023330814777, 0.012008158296988262, 0.13843225321563438, 0.21165693338016586, 0.6012638925552773, 1.3969215209610015, -2.78505965319289, 1.0519895586327694, 0.018742924767606122, 3.1765826394602654, 0.16592305587002062, -0.7555535254107443, -0.9620882879917503, 0.08602250426441989, -1.4477907088671387, 0.6859982570861504, -0.035906976740158476, -0.30221283159784]
  5  0.004380882771542856  f = (#5 / #2) ^ 2.481875450151535; p1 = [1.6011708869691605, 0.8569208669914847, -0.15215119391101312, -1.4566044952424928, 0.25298892271232837, 0.2738023174044917, 1.7752817002927397, -0.20609448684498213, 0.8045401062615818, -0.0032502515751264855, 0.7852719765013817, -0.2780101862911861, 0.15319337354445262, 4.56893058440663, -0.004222503930486386, 0.13259505846991704, -0.04758140228894479, 0.23821340674935135, 0.8411454483313785, -1.7792415440870397, 0.8439307890069829, 1.3048802706508684, -1.3308650672864457, -1.017662098658912, -0.016105116031158332]; p2 = [-0.01764247941616005, -0.17072603858006982, -1.453846105978127, 0.07583204707317566, 0.2545243669230851, -0.0018639014626298373, 0.30585364649025887, -2.699613598845232, 0.08776079346347104, -0.4830123986729944, -0.28391719528666937, 0.2483746576549468, -1.0268305510298994, -2.9340147475580793, -0.2069875152960085, 0.9681508579684512, -2.5377634752184095, -0.15774634711886681, -0.09863482653394812, 2.5895180615904376, -0.5336684244442698, -0.014487405958049017, 0.1635219135521591, 2.973480847990835, -0.26054970978911585]; p3 = [17.056978736473013, 16.542494692524464, 16.30442259048476, 16.349846692018534, 16.334054671552646, 16.367075117842734, 16.39996196508825, 16.43776518093199, 16.486178781126604, 16.462189564404678, 16.47618776652121, 16.734118720560517, 17.002742878557008, 16.718140366235847, 17.042178878185837, 17.026751059546037, 17.053561289093963, 16.734845353627335, 16.80263271710161, 16.609039817273615, 16.70912316031391, 16.44937905940355, 16.555595977995303, 16.63434356834778, 16.77194854885366]; p4 = [0.46057529565798294, -1.0380767573099319, 0.41184659798801754, -0.1903525313244116, 1.5464503853982499, -0.033585100563583326, 0.8316371974331114, 2.076482525172105, -0.010927687896434822, 0.1280906757478462, 0.20858491100853574, 0.34204720737656535, -1.3406341972859124, -2.133333827676977, 0.8388714625306128, -0.036832899385878554, 2.818489143845181, -0.2869747398490962, -0.6331548022250169, 0.5753550874405878, 0.05012607986362427, -0.6974454081780208, 0.8754303503537321, -0.02487394323434477, -0.3891067741496148]
  6  0.004380822119453872  f = sqrt((#5 / #2) ^ 4.9615089932329575); p1 = [1.6011708869691605, 0.8569208669914847, -0.15215119391101312, -1.4566044952424928, 0.25298892271232837, 0.2738023174044917, 1.7752817002927397, -0.20609448684498213, 0.8045401062615818, -0.0032502515751264855, 0.7852719765013817, -0.2780101862911861, 0.15319337354445262, 4.56893058440663, -0.004222503930486386, 0.13259505846991704, -0.04758140228894479, 0.23821340674935135, 0.8411454483313785, -1.7792415440870397, 0.8439307890069829, 1.3048802706508684, -1.3308650672864457, -1.017662098658912, -0.016105116031158332]; p2 = [0.016452893357500064, 0.18567029431927654, 1.2324604490580653, -0.06958008205240367, -0.25110648048621714, 0.0022305159313834606, -0.2578980877816686, 2.841966483144028, -0.08335743150743624, -0.4830123986729944, 0.3137330889881324, 0.2483746576549468, 0.9243823146534006, 2.75627586165038, 0.19338107750208483, -1.0016005684461615, 2.776793232996113, 0.15859765111472765, 0.09880352853959087, -2.463556579435075, 0.5539798069786697, 0.01575490072272587, -0.14158791929393572, -3.385750447571579, 0.21915412515555052]; p3 = [17.055450349693434, 16.543669384618084, 16.306659186876164, 16.351916340962372, 16.336206327816345, 16.36907068253406, 16.401839852697893, 16.439431127862868, 16.487405118263187, 16.463569795100394, 16.477622683476614, 16.734095258489635, 17.00083172140618, 16.718351999646544, 17.040001647424212, 17.024755160314918, 17.051277931501033, 16.735052780919908, 16.802511201924887, 16.60994510402397, 16.709546233119347, 16.451024478107975, 16.556735654550657, 16.63512878668196, 16.77207625648838]; p4 = [0.46057529565798294, -1.0380767573099319, 0.41184659798801754, -0.1903525313244116, 1.5464503853982499, -0.033585100563583326, 0.8316371974331114, 2.076482525172105, -0.010927687896434822, 0.1280906757478462, 0.20858491100853574, 0.34204720737656535, -1.3406341972859124, -2.133333827676977, 0.8388714625306128, -0.036832899385878554, 2.818489143845181, -0.2869747398490962, -0.6331548022250169, 0.5753550874405878, 0.05012607986362427, -0.6974454081780208, 0.8754303503537321, -0.02487394323434477, -0.3891067741496148]
  7  0.0033473306263232987  f = ((16.603910901059745 / #2) ^ 2.262839549376687) ^ #5; p1 = [1.129277560375546, 0.4980256624857218, -0.6248865645320318, -3.5434877560210674, 0.37795060358902416, -0.6851579893081133, 0.3953150339626573, -0.11867157897027317, 0.12750578976690088, -0.07034721986192224, -0.5377914566361659, 0.2028889735781083, -6.933988365704537, 1.9701792901729214, 0.14615443287749127, -2.0262355957622677, -0.21332074667840317, 0.2024472433388414, 0.753200953014725, 0.9495600168272401, -0.828549459457714, -1.5381921414326611, -1.5883011445402886, -0.05913715361674423, -0.3190067190079816]; p2 = [-0.7854909924475681, -0.5078160065457987, -0.5495154027116376, 0.1411944147498658, 1.3361948068557348, 0.16187478841270966, -0.07116130967691309, 0.05619682588941289, -0.0435916194550207, -0.7865035331546022, -0.5171965376748394, -0.10602341088188345, 0.08235106712231956, 3.6036102262857628, -0.14502360491865404, -0.05837652505542451, -1.0821818058191337, 0.23115376027375434, -0.002052165979803854, 1.9895990603081193, -0.910143009410983, -1.1221225647887842, -0.7409333990448052, -0.3875059790723208, 1.768917211389686]; p3 = [1.0749424364981581, 1.2412658198357909, 1.2254431645442732, 1.2536837959527054, 1.2627056153486738, 1.2560301944017325, 1.2804960120793443, 1.2493504853581674, 1.0780589462836008, 1.1125088027935677, 1.2046821807134211, 1.0071173164295872, 0.5617082322311638, 1.1329964470205767, 0.511731768702398, 0.5912708496147248, 0.4790690420682566, 1.1964993526292136, 1.1958665638236763, 1.2738315491240595, 1.270368771768959, 1.274403796399219, 1.2619405042821734, 1.2721900978138485, 1.2762344847734985]; p4 = [-3.199631944273478, 1.0496754517206923, 0.9904355841114033, 0.02809899760312216, -0.4514100350690104, -0.18620718353158325, 2.4616754137368217, 2.0791422052587456, 0.3265042147624448, 1.431200931823274, -2.186867877994616, -3.194299240452548, -0.9580181032652697, -0.413988538992422, 0.5368213133417576, -0.376566446436352, -2.1486101949357175, 0.11662853142131786, 0.9452219179967981, 0.12735480656482936, 0.2975279710946157, -0.3874278373671727, 0.07706569056269064, -0.03559713078804853, -0.6523433197679674]
  9  0.0024648616061247065  f = (16.50185852557116 / #2) ^ ((41.27266557006915 / #2) * #5); p1 = [1.129277560375546, 0.4980256624857218, 0.5985990305074076, -3.5434877560210674, -0.43169029625285193, 0.7750942702126635, 0.3953150339626573, -0.11867157897027317, 0.12750578976690088, 0.059258954806287664, -0.5377914566361659, -0.18593406480436153, -6.933988365704537, 1.9701792901729214, 0.14615443287749127, 1.9013286373801228, -0.21332074667840317, 0.2024472433388414, 0.753200953014725, 0.9495600168272401, -0.828549459457714, -1.5381921414326611, -1.5883011445402886, 0.06281555178279931, -0.3190067190079816]; p2 = [-0.7854909924475681, -0.5078160065457987, -0.5495154027116376, 0.1411944147498658, 1.3361948068557348, 0.16187478841270966, -0.07116130967691309, 0.05619682588941289, -0.0435916194550207, -0.7865035331546022, -0.5171965376748394, -0.10602341088188345, 0.08235106712231956, 3.6036102262857628, -0.14502360491865404, -0.05837652505542451, -1.0821818058191337, 0.23115376027375434, -0.002052165979803854, 1.9895990603081193, -0.910143009410983, -1.1221225647887842, -0.7409333990448052, -0.3875059790723208, 1.768917211389686]; p3 = [1.0809222660251963, 1.2400184763372344, 1.2187881254412105, 1.2484931017135885, 1.2562675064761335, 1.2493167303838408, 1.2737430850898102, 1.2460756122747831, 1.0820511120105756, 1.1166858992906896, 1.2045528361677869, 1.0186515738746402, 0.5886533457592693, 1.1369968025312325, 0.5378111391979691, 0.6146023033598611, 0.5032000125763311, 1.2031337648290408, 1.2014641136274304, 1.2664877186505354, 1.2664145919599998, 1.2697914203668152, 1.2583391068559395, 1.2614340677154656, 1.2677004998296058]; p4 = [3.1000038792446696, -1.168376291336057, -0.9336798810878946, -0.029775796577233216, 0.4714933859553598, -0.18620718353158325, -2.2962436353510847, -2.221315231299956, 0.3265042147624448, -1.5537965587820743, 2.364460318617942, 3.1914939732321224, 0.8734825393576229, -0.413988538992422, -0.5063496984010971, -0.376566446436352, -2.1486101949357175, -0.1104873103469984, -0.9819654130320075, -0.12278961547790346, -0.28575789007527463, 0.3866524698725833, -0.0860144482286304, 0.034395137504886805, 0.697045309821848]
  11  0.0020074729635079923  f = (((16.137972076169984 / #2) ^ #5) ^ (41.47484625417376 / #2)) - -0.06696331021935278; p1 = [1.129277560375546, 0.4980256624857218, -0.517469840155528, 3.882098576327442, 0.41616998595873556, 0.7750942702126635, 0.3953150339626573, 0.12689424755274115, -0.12407946686963582, 0.059258954806287664, 0.4535034416595694, 0.18466196735415466, 6.941348729218203, 1.9701792901729214, -0.1315522278476136, -2.2632662454980106, -0.21332074667840317, 0.2024472433388414, 0.753200953014725, 0.9495600168272401, -0.828549459457714, 1.519587005029514, 1.4803010014199263, -0.0694733705773457, 0.3224005751777832]; p2 = [-0.7854909924475681, -0.5078160065457987, -0.5495154027116376, -0.1503352756691806, 1.3361948068557348, 0.16187478841270966, -0.06368933661747805, 0.05619682588941289, 0.04114473306170394, -0.7865035331546022, -0.5171965376748394, -0.10602341088188345, -0.08174300446834232, 3.6036102262857628, 0.14276189018491744, 0.04953952130102205, -1.0821818058191337, 0.23115376027375434, -0.002052165979803854, 1.9895990603081193, -0.910143009410983, -1.1221225647887842, 0.7114686159262787, -0.3875059790723208, 1.768917211389686]; p3 = [1.0913789466439416, 1.3453338460266482, 1.367704395831742, 1.3896387830482961, 1.4002808987267557, 1.3871482721140684, 1.405762318914115, 1.3710692558508655, 1.2004145334109388, 1.238636330314008, 1.3225955966668126, 1.0948142014413207, 0.6597061915221477, 1.2107905969763653, 0.609526355879166, 0.6782814014633726, 0.5779819068959922, 1.2718090699758293, 1.2567184130106028, 1.358604296434487, 1.3389965091063962, 1.3926651927031015, 1.3609755812134758, 1.3485249243105293, 1.3276664527022202]; p4 = [3.173911674869992, 1.099464434127469, 0.8468405039585789, -0.026283788712498642, -0.5126781485123287, 0.19578475474266127, 2.236793974580052, 2.0032097175946717, -0.33939719373798216, 1.4580070984039748, -2.1443757026676837, -3.29066926285275, 0.7741055273143869, -0.413988538992422, 0.5597761112210637, 0.3928293826084236, 2.3421803136817765, 0.11083780295299459, 1.0785256406409849, 0.11844832835294308, 0.27187926274423235, 0.40105012276928154, 0.08101347191136969, 0.03711004871034723, -0.6646161168738882]
  13  0.001823455870366851  f = ((17.76338915735177 / #2) - (#5 * 0.06876255737992037)) ^ ((#5 * 41.21640565126254) / #2); p1 = [-1.2869806014890672, 0.4980256624857218, -0.517469840155528, -4.336996335733798, 0.41616998595873556, 0.7750942702126635, 0.3953150339626573, 0.12689424755274115, 0.10738075708213944, 0.059258954806287664, -0.5182007290194517, 0.18466196735415466, 6.941348729218203, -2.310990939199585, -0.1315522278476136, -2.2632662454980106, -0.21332074667840317, 0.2024472433388414, 0.753200953014725, 0.9495600168272401, -0.828549459457714, -1.4266435178561643, 1.4803010014199263, -0.06965715076969313, 0.3224005751777832]; p2 = [-0.7854909924475681, -0.5078160065457987, -0.5495154027116376, 0.1411944147498658, 1.3361948068557348, 0.16187478841270966, -0.07116130967691309, 0.05619682588941289, -0.0435916194550207, -0.7865035331546022, -0.5171965376748394, -0.10602341088188345, 0.08235106712231956, 3.6036102262857628, -0.14502360491865404, -0.05837652505542451, -1.0821818058191337, 0.23115376027375434, -0.002052165979803854, 1.9895990603081193, -0.910143009410983, -1.1221225647887842, -0.7409333990448052, -0.3875059790723208, 1.768917211389686]; p3 = [0.9071244131176533, 1.1492147300864435, 1.2273552543907218, 1.2236537775908458, 1.23304976772818, 1.2175664560079236, 1.2162348342410059, 1.1897309301382266, 1.0887457609224471, 1.1167022408690785, 1.1564038953946343, 0.9700209093738716, 0.6022094922961351, 1.0400223855529918, 0.557334814739691, 0.6228176962779653, 0.5267272921318847, 1.0653594635481467, 1.0417603320921744, 1.1380406526796163, 1.1022097336934036, 1.1963115404681368, 1.1529739334990874, 1.127213911383921, 1.0798306142919938]; p4 = [-3.379815945474963, -1.03315500657585, -0.7624742638874507, -0.026283788712498642, 0.5303101550123818, -0.20294896526554773, -2.457887150895251, 2.0032097175946717, 0.3177651797146668, 1.4580070984039748, 2.1253479554830417, 3.0888289318387434, -0.7125154554709854, 0.43476135087066176, -0.5967567196867132, -0.4140640218052073, -2.353715340521867, -0.1152867552576781, -1.0845584863191866, -0.11206238979574358, 0.2819487594875235, 0.3782610947024088, 0.08101347191136969, -0.04073749520110184, 0.6716540551722722]
  14  0.0017805300688616737  f = ((17.543886913935896 / #2) - (#5 * 0.052468871803463386)) ^ (sqrt(#5) * (41.298234738531946 / #2)); p1 = [-1.2869806014890672, 0.4980256624857218, -0.517469840155528, -4.336996335733798, 0.41616998595873556, 0.7750942702126635, 0.3953150339626573, 0.12689424755274115, 0.10738075708213944, 0.059258954806287664, -0.5182007290194517, 0.18466196735415466, 6.941348729218203, -2.310990939199585, -0.1315522278476136, -2.2632662454980106, -0.21332074667840317, 0.2024472433388414, 0.753200953014725, 0.9495600168272401, -0.828549459457714, -1.4266435178561643, 1.4803010014199263, -0.06965715076969313, 0.3224005751777832]; p2 = [-0.7854909924475681, -0.5078160065457987, -0.5495154027116376, 0.1411944147498658, 1.3361948068557348, 0.16187478841270966, -0.07116130967691309, 0.05619682588941289, -0.0435916194550207, -0.7865035331546022, -0.5171965376748394, -0.10602341088188345, 0.08235106712231956, 3.6036102262857628, -0.14502360491865404, -0.05837652505542451, -1.0821818058191337, 0.23115376027375434, -0.002052165979803854, 1.9895990603081193, -0.910143009410983, -1.1221225647887842, -0.7409333990448052, -0.3875059790723208, 1.768917211389686]; p3 = [0.8743456783768587, 1.260688544332139, 1.4093782076428634, 1.3882209232739418, 1.4004716741709462, 1.3774238895036388, 1.363512178119075, 1.3303726614454265, 1.2264334879340255, 1.2614912970840833, 1.2904346845957806, 1.011254520192938, 0.3948914935598301, 1.0987845539286762, 0.33678815291785397, 0.4292638285999638, 0.3073008694039765, 1.1214066860017693, 1.0797097947954737, 1.2296534071810175, 1.167564534889972, 1.3309000483073317, 1.259452670268716, 1.212638441895158, 1.1316001168411556]; p4 = [-3.379815945474963, -1.03315500657585, -0.7624742638874507, -0.026283788712498642, 0.5303101550123818, -0.20294896526554773, -2.457887150895251, 2.0032097175946717, 0.3177651797146668, 1.4580070984039748, 2.1253479554830417, 3.0888289318387434, -0.7125154554709854, 0.43476135087066176, -0.5967567196867132, -0.4140640218052073, -2.353715340521867, -0.1152867552576781, -1.0845584863191866, -0.11206238979574358, 0.2819487594875235, 0.3782610947024088, 0.08101347191136969, -0.04073749520110184, 0.6716540551722722]
  15  0.0014448302945422975  f = ((17.97055184419712 / #2) - (#5 * 0.08856458761055619)) ^ ((#5 * (741.3175355269994 / #2)) / #2); p1 = [-1.2845838283272548, 0.5083581692808666, 0.5497898039362987, -4.336996335733798, 0.41616998595873556, 0.7750942702126635, 0.456110197896191, -0.13161016639620654, -0.1058815432675151, 0.059258954806287664, -0.5182007290194517, 0.18466196735415466, 6.381270468016839, 2.15984743827023, 0.1325118949591491, 2.3163186685224355, 0.22367721919999878, 0.2024472433388414, -0.7433284122780335, -1.0185732257720417, 0.741740993697334, 1.1958674178223674, 1.7125195219693898, -0.06965715076969313, 0.3224005751777832]; p2 = [-0.7854909924475681, -0.5078160065457987, -0.5495154027116376, 0.1411944147498658, 1.3361948068557348, 0.16187478841270966, -0.07116130967691309, 0.05619682588941289, -0.0435916194550207, -0.7865035331546022, -0.5171965376748394, -0.10602341088188345, 0.08235106712231956, 3.6036102262857628, -0.14502360491865404, -0.05837652505542451, -1.0821818058191337, 0.23115376027375434, -0.002052165979803854, 1.9895990603081193, -0.910143009410983, -1.1221225647887842, -0.7409333990448052, -0.3875059790723208, 1.768917211389686]; p3 = [0.8937723501159298, 1.113462966236677, 1.1955487588043843, 1.1874174547019085, 1.1952066663863703, 1.1806105488288248, 1.1688340978102292, 1.1496213096205092, 1.0810818344016733, 1.1029526673923489, 1.1254517380781228, 0.9680869617736577, 0.6197893186551741, 1.0191472001458597, 0.5704484456432254, 0.6370249768348669, 0.5362315726237172, 1.0364060726576312, 1.0133014922305628, 1.0969752859615032, 1.0629085027183653, 1.1560336360349033, 1.1140191654526372, 1.0861905419022273, 1.0415615389871296]; p4 = [-3.138356808308343, -1.0133807921408364, -0.8383002927803038, 0.02861611922779127, 0.5147635522507003, 0.2310655195761598, 2.3398008049047254, 1.935776408563293, -0.28451084099564683, 1.439725521895526, -2.2141297098307526, 3.544748358630633, -0.8024768932048946, -0.3412712365122919, -0.5332306005356078, 0.4483281417973374, 2.5020279758215827, -0.11176285370953343, -0.8685763427270818, 0.09988598788384548, -0.29612400278729495, 0.3867370462693581, -0.06868523298661061, 0.04006105328516229, 0.7219420242615887]
  16  0.0014448258959444459  f = ((17.97055184419712 / #2) - (#5 * 0.08856458761055619)) ^ ((sin(#5 / #2) / #2) * 741.3175355269994); p1 = [-1.2845838283272548, 0.5083581692808666, 0.5497898039362987, -4.336996335733798, 0.41616998595873556, 0.7750942702126635, 0.456110197896191, -0.13161016639620654, -0.1058815432675151, 0.059258954806287664, -0.5182007290194517, 0.18466196735415466, 6.381270468016839, 2.15984743827023, 0.1325118949591491, 2.3163186685224355, 0.22367721919999878, 0.2024472433388414, -0.7433284122780335, -1.0185732257720417, 0.741740993697334, 1.1958674178223674, 1.7125195219693898, -0.06965715076969313, 0.3224005751777832]; p2 = [-0.7854909924475681, -0.5078160065457987, -0.5495154027116376, 0.1411944147498658, 1.3361948068557348, 0.16187478841270966, -0.07116130967691309, 0.05619682588941289, -0.0435916194550207, -0.7865035331546022, -0.5171965376748394, -0.10602341088188345, 0.08235106712231956, 3.6036102262857628, -0.14502360491865404, -0.05837652505542451, -1.0821818058191337, 0.23115376027375434, -0.002052165979803854, 1.9895990603081193, -0.910143009410983, -1.1221225647887842, -0.7409333990448052, -0.3875059790723208, 1.768917211389686]; p3 = [0.8937723501159298, 1.113462966236677, 1.1955487588043843, 1.1874174547019085, 1.1952066663863703, 1.1806105488288248, 1.1688340978102292, 1.1496213096205092, 1.0810818344016733, 1.1029526673923489, 1.1254517380781228, 0.9680869617736577, 0.6197893186551741, 1.0191472001458597, 0.5704484456432254, 0.6370249768348669, 0.5362315726237172, 1.0364060726576312, 1.0133014922305628, 1.0969752859615032, 1.0629085027183653, 1.1560336360349033, 1.1140191654526372, 1.0861905419022273, 1.0415615389871296]; p4 = [-3.138356808308343, -1.0133807921408364, -0.8383002927803038, 0.02861611922779127, 0.5147635522507003, 0.2310655195761598, 2.3398008049047254, 1.935776408563293, -0.28451084099564683, 1.439725521895526, -2.2141297098307526, 3.544748358630633, -0.8024768932048946, -0.3412712365122919, -0.5332306005356078, 0.4483281417973374, 2.5020279758215827, -0.11176285370953343, -0.8685763427270818, 0.09988598788384548, -0.29612400278729495, 0.3867370462693581, -0.06868523298661061, 0.04006105328516229, 0.7219420242615887]
  18  0.0014378404182913303  f = (((17.99235822453095 / #2) - (#5 * 0.08645589437095134)) ^ ((sin(#5 / #2) / #2) * 741.3172204522939)) - 0.011184908127453912; p1 = [1.3163765069016018, -0.4742262497612474, -0.517469840155528, -4.336996335733798, 0.41616998595873556, 0.7750942702126635, -0.4244567184222369, -0.13161016639620654, -0.1058815432675151, 0.059258954806287664, -0.5182007290194517, 0.18466196735415466, -7.114852079725881, -2.310990939199585, -0.1315522278476136, -2.2632662454980106, -0.21332074667840317, 0.2024472433388414, 0.753200953014725, 0.9495600168272401, -0.828549459457714, -1.4266435178561643, -1.486153869052804, -0.06965715076969313, 0.3224005751777832]; p2 = [-0.7854909924475681, -0.5078160065457987, -0.5495154027116376, 0.1411944147498658, 1.3361948068557348, 0.16187478841270966, -0.07116130967691309, 0.05619682588941289, -0.0435916194550207, -0.7865035331546022, -0.5171965376748394, -0.10602341088188345, 0.08235106712231956, 3.6036102262857628, -0.14502360491865404, -0.05837652505542451, -1.0821818058191337, 0.23115376027375434, -0.002052165979803854, 1.9895990603081193, -0.910143009410983, -1.1221225647887842, -0.7409333990448052, -0.3875059790723208, 1.768917211389686]; p3 = [0.8751815608092025, 1.104995742625552, 1.186982095314827, 1.1787604612581786, 1.186261430866991, 1.1721063684693869, 1.1609687449814121, 1.1408285398581697, 1.0731972524516267, 1.0949755819361164, 1.1160282341165455, 0.955347727172027, 0.6122524611783124, 1.0072193072588893, 0.5658214003772466, 0.6280355637641646, 0.5336816080968041, 1.0249725030644337, 1.0006717081367096, 1.088445285855198, 1.05335171114713, 1.1479145318170847, 1.1057292890934984, 1.0774035271155804, 1.0313586994672315]; p4 = [-3.138356808308343, -1.0133807921408364, -0.7228492083852404, 0.02861611922779127, -0.47197929310279674, -0.2075814530826966, -2.4104528132959917, -2.149124156364744, -0.28451084099564683, -1.3360938549016845, -2.2141297098307526, 3.544748358630633, -0.8024768932048946, -0.3412712365122919, -0.5332306005356078, 0.4483281417973374, 2.5020279758215827, -0.11176285370953343, -0.8685763427270818, 0.09988598788384548, -0.29612400278729495, -0.3284832542798132, 0.07709982485332749, 0.04006105328516229, 0.7219420242615887]
  19  0.0014261240676520129  f = (((cos(0.8250906337840493 ^ #2) ^ -42.46243725490246) ^ #2) * 0.5227159385973409) + (#5 / ((0.004536617329139887 ^ cos(#2)) + 13.477773226727756)); p1 = [1.370883397593291, 0.3619378079951608, -0.24616435044929988, -1.7993085363122845, -0.3629739912042485, 0.2615439144991254, 1.3162106640214823, 0.24570257948508148, -0.6591979866959661, -0.04062289119418075, 0.6830799994766585, 0.20156048376580646, -0.20675252698395774, 1.5110449957309056, 0.3388454277674566, 0.7449608429548049, -0.16280825614113534, 0.31098638596232037, -1.1577985529970114, -1.3108756368282102, -1.7123009364278101, -1.5416882750635652, 0.6624468754408116, 1.2593747382812555, 0.05304129489993958]; p2 = [0.8854130975407616, -0.26918638030863695, -1.1423271572646274, 0.1330078039383898, -0.7109442874061681, -0.009516958330726194, -0.6299395975577311, 1.2088366004877327, 0.09464730222545094, -0.3306458729151082, -0.5767938945364971, 0.24440731544159572, -0.5710434092821914, -1.8381694002735087, -0.44525121073607893, 0.6976634043161969, -0.8855303351341954, 0.07924856175649166, -0.47013550921781777, 0.8112430774943722, -1.2895563153832543, 0.08348204490122718, -0.7939179174606146, 2.2008091524478415, 0.5698281650209968]; p3 = [1.4682168264464435, 0.061217624327570185, -0.38564953670289487, -0.20604296497797017, -0.44065619387186256, -0.3674511043528963, -0.3284593495593872, -0.13636749322058003, -0.018877360130803773, -0.05788375026770809, 0.061817350218215265, 0.8709074051312962, 2.4326016343912933, 0.6075334672934108, 2.3299751927490986, 2.6799462852265723, 2.5073417161468696, 0.3250823887620724, 0.5679334311063846, 0.14030932565938065, 0.2673844908888265, 0.040078389342253454, 0.015531741710389686, 0.2688610730066125, 0.5060651155919557]; p4 = [1.0079824869969602, 1.15497827737552, 1.331337833511457, -0.19617754436006235, -1.6994074502229966, -0.07669966665816703, -1.1047130372789702, 2.2204035175077914, 0.30606689011073085, 0.252898706224339, 0.7887883995487603, -3.0767933008815525, -2.3003875706349532, -1.1318844987215124, -0.6970267927449887, 1.07366525498878, 1.2816883772132273, 0.46063776232531584, -1.5756768684876727, 0.9789123267757983, 0.24799321505809765, -0.9392628451428042, 0.44905524967093763, 0.19747140819584735, 0.8410369397837604]
  21  0.001367958885183811  f = ((#5 / (((0.053051027725997985 ^ #5) ^ cos(#2)) + 17.738609191104075)) + 0.5233429863722556) * ((cos(0.8249150811821857 ^ #2) ^ -42.46273612052526) ^ #2); p1 = [1.370883397593291, 0.3619378079951608, -0.24616435044929988, -1.7993085363122845, -0.3629739912042485, 0.2615439144991254, 1.3162106640214823, 0.24570257948508148, -0.6591979866959661, -0.04062289119418075, 0.6830799994766585, 0.20156048376580646, -0.20675252698395774, 1.5110449957309056, 0.3388454277674566, 0.7449608429548049, -0.16280825614113534, 0.31098638596232037, -1.1577985529970114, -1.3108756368282102, -1.7123009364278101, -1.5416882750635652, 0.6624468754408116, 1.2593747382812555, 0.05304129489993958]; p2 = [0.8854130975407616, -0.26918638030863695, -1.1423271572646274, 0.1330078039383898, -0.7109442874061681, -0.009516958330726194, -0.6299395975577311, 1.2088366004877327, 0.09464730222545094, -0.3306458729151082, -0.5767938945364971, 0.24440731544159572, -0.5710434092821914, -1.8381694002735087, -0.44525121073607893, -0.7250665454754687, -0.8855303351341954, -0.09038790743029586, -0.47013550921781777, 0.8112430774943722, -1.2895563153832543, 0.08348204490122718, -0.7939179174606146, 2.2008091524478415, 0.5698281650209968]; p3 = [1.47638515442203, 0.05724088191174021, -0.36807171784963727, -0.1977188756468097, -0.4078484968448103, -0.34008539882019334, -0.2995572154629531, -0.12607762383115395, -0.039460141888073036, -0.07241046644732192, 0.05094140189840913, 0.8849258032677807, 2.4357417689151366, 0.599489221597261, 2.3223397041697242, 2.686918320870185, 2.5019733267634594, 0.3087938734762978, 0.5545125187004224, 0.14090375239534605, 0.26061488534796867, 0.03871827797415922, 0.018750961190243245, 0.2648575471477994, 0.5007440646329948]; p4 = [1.0079824869969602, 1.15497827737552, 1.331337833511457, -0.19617754436006235, -1.6994074502229966, -0.07669966665816703, -1.1047130372789702, 2.2204035175077914, 0.30606689011073085, 0.252898706224339, 0.7887883995487603, -3.0767933008815525, -2.3003875706349532, -1.1318844987215124, -0.6970267927449887, 1.07366525498878, 1.2816883772132273, 0.46063776232531584, -1.5756768684876727, 0.9789123267757983, 0.24799321505809765, -0.9392628451428042, 0.44905524967093763, 0.19747140819584735, 0.8410369397837604]
  23  0.001323941844074662  f = ((#5 / (((0.1245344763229839 ^ (#5 + 0.997300582584878)) ^ cos(#2)) + 17.73589467705619)) + 0.5220452361975115) * ((cos(0.8251237178716693 ^ #2) ^ #2) ^ -42.46247567635584); p1 = [0.9644964030373705, 0.3619378079951608, 0.23789242712036493, 1.8313378997361471, 0.3469408427670096, 0.2615439144991254, -1.1410488252691222, -0.2920161998725377, -0.6591979866959661, -0.04062289119418075, 0.6830799994766585, 0.20156048376580646, -0.2157333615087106, -1.6269545547309732, -0.3540834703119824, -0.8785427241884687, -0.16280825614113534, 0.31098638596232037, 1.0868591506728669, -1.3108756368282102, 1.758844012454726, 1.4503385354643321, 0.6624468754408116, 1.2593747382812555, 0.05304129489993958]; p2 = [-0.9261055846438115, 0.25378955178780327, 1.06881982407817, 0.1330078039383898, -0.7109442874061681, -0.009516958330726194, -0.6299395975577311, 1.2088366004877327, 0.09464730222545094, -0.3306458729151082, -0.5767938945364971, 0.24440731544159572, -0.5710434092821914, -1.8381694002735087, -0.44525121073607893, 0.6976634043161969, -0.8855303351341954, 0.07924856175649166, 0.46998205456937064, 0.8112430774943722, -1.2895563153832543, 0.08348204490122718, -0.7939179174606146, 2.2008091524478415, 0.5698281650209968]; p3 = [1.4673253889253568, 0.06095844564034072, -0.3860862129187827, -0.20678328401920168, -0.43865208456114985, -0.36613957729467067, -0.32644932376611024, -0.13649080045886344, -0.023386486072561077, -0.061727050770705734, 0.060550359420010455, 0.8703010666032303, 2.4317655103019096, 0.6071661350975485, 2.32722586055999, 2.680384765995142, 2.505080900106543, 0.32396275765939375, 0.5670089630793298, 0.14105227233250495, 0.2677361877787743, 0.04024876232786745, 0.015904275551382605, 0.2700574834905976, 0.5068184459404959]; p4 = [1.0079824869969602, 1.15497827737552, 1.331337833511457, -0.19617754436006235, -1.6994074502229966, -0.07669966665816703, -1.1047130372789702, 2.2204035175077914, 0.30606689011073085, 0.252898706224339, 0.7887883995487603, -3.0767933008815525, -2.3003875706349532, -1.1318844987215124, -0.6970267927449887, 1.07366525498878, 1.2816883772132273, 0.46063776232531584, -1.5756768684876727, 0.9789123267757983, 0.24799321505809765, -0.9392628451428042, 0.44905524967093763, 0.19747140819584735, 0.8410369397837604]
  24  0.0012748752451597666  f = ((#5 / ((0.0064393211222302385 ^ (cos(#2) * (0.6167433256750613 ^ cos(#5)))) + 18.602322041346778)) + 0.5168795187580278) * ((cos(0.8254217100970779 ^ #2) ^ -42.46029762663879) ^ #2); p1 = [1.370883397593291, 0.3619378079951608, -0.24616435044929988, -1.7993085363122845, -0.3629739912042485, 0.2615439144991254, 1.3162106640214823, 0.24570257948508148, -0.6591979866959661, -0.04062289119418075, -0.568816085019715, -0.1778864114114168, 0.21975538565800362, 1.5110449957309056, -0.3507691721018894, 0.7449608429548049, 0.17754090162154912, 0.31098638596232037, 1.2791279285914778, -1.3108756368282102, -1.7123009364278101, -1.5416882750635652, 0.6624468754408116, 1.2593747382812555, 0.05304129489993958]; p2 = [0.8854130975407616, -0.26918638030863695, -1.1423271572646274, 0.1330078039383898, -0.7109442874061681, -0.009516958330726194, -0.6299395975577311, 1.2088366004877327, 0.09464730222545094, -0.3306458729151082, -0.5767938945364971, -0.24759561238578895, -0.5710434092821914, 1.529749159069301, -0.44525121073607893, -0.7382099604037313, -0.8855303351341954, 0.07924856175649166, -0.47013550921781777, 0.8112430774943722, 1.1545485108457672, 0.08348204490122718, -0.7939179174606146, 2.2008091524478415, 0.5698281650209968]; p3 = [1.3069487202967167, 0.07746595833735952, -0.3739469006912564, -0.2650428038732938, -0.3776858255741818, -0.3060299689709307, -0.2561812957466272, -0.1366966961704752, 0.03043229320250384, -0.02412158751895037, 0.0019773606672083693, 0.8156298376036216, 2.472978718810541, 0.5522693578681094, 2.4989401655242074, 2.6551436626044564, 2.6539768045920904, 0.4369038896510988, 0.6041696044127988, 0.16152089031901135, 0.34825724797310964, -0.0696927380564154, 0.06960515353849221, 0.22867227661037373, 0.4770399700163988]; p4 = [1.0079824869969602, 1.15497827737552, 1.331337833511457, -0.19617754436006235, -1.6994074502229966, -0.07669966665816703, -1.1047130372789702, 2.2204035175077914, 0.30606689011073085, 0.252898706224339, 0.7887883995487603, -3.0767933008815525, -2.3003875706349532, -1.1318844987215124, -0.6970267927449887, 1.07366525498878, 1.2816883772132273, 0.46063776232531584, -1.5756768684876727, 0.9789123267757983, 0.24799321505809765, -0.9392628451428042, 0.44905524967093763, 0.19747140819584735, 0.8410369397837604]
  25  0.0012592114449133233  f = ((#5 / ((0.032009609833693276 ^ ((0.6207367936750482 ^ (0.9703266055098183 - #5)) * cos(#2))) + 18.602135822084776)) + 0.5231680119623564) * ((cos(0.8249603150009349 ^ #2) ^ -42.46026815384574) ^ #2); p1 = [1.370883397593291, 0.3619378079951608, -0.24616435044929988, -1.7993085363122845, -0.3629739912042485, 0.2615439144991254, 1.3162106640214823, 0.24570257948508148, -0.6591979866959661, -0.04062289119418075, -0.568816085019715, -0.1778864114114168, 0.21975538565800362, 1.5110449957309056, -0.3507691721018894, 0.7449608429548049, 0.17754090162154912, 0.31098638596232037, 1.2791279285914778, -1.3108756368282102, -1.7123009364278101, -1.5416882750635652, 0.6624468754408116, 1.2593747382812555, 0.05304129489993958]; p2 = [0.8854130975407616, -0.26918638030863695, -1.1423271572646274, 0.1330078039383898, -0.7109442874061681, -0.009516958330726194, -0.6299395975577311, 1.2088366004877327, 0.09464730222545094, -0.3306458729151082, -0.5767938945364971, -0.24759561238578895, -0.5710434092821914, 1.529749159069301, -0.44525121073607893, -0.7382099604037313, -0.8855303351341954, 0.07924856175649166, -0.47013550921781777, 0.8112430774943722, 1.1545485108457672, 0.08348204490122718, -0.7939179174606146, 2.2008091524478415, 0.5698281650209968]; p3 = [1.306385610728871, 0.0774542350738791, -0.3737578719267936, -0.265086004636797, -0.37713064354466314, -0.30561244331790344, -0.25574323073427024, -0.1366207917832096, 0.030384808880849306, -0.024195912949941438, 0.0017648460242725285, 0.8155595304263902, 2.4731485328082674, 0.5521403564254015, 2.49969948199355, 2.654859296974126, 2.6546013473552748, 0.43715291567317105, 0.604266444489524, 0.1615256403482378, 0.3483599817880115, -0.06991968842588302, 0.0696974846644113, 0.22852554624699495, 0.4768645257770139]; p4 = [-0.8643036546969257, 1.15497827737552, -1.6242766284750894, -0.19617754436006235, -1.6994074502229966, -0.07669966665816703, 1.1971746881693002, -2.04083190556044, 0.30606689011073085, -0.2988723079926407, -0.8145744274615196, 2.8756265476077836, 2.5406921514383902, -1.1318844987215124, 0.7814873146086098, 1.07366525498878, 1.2816883772132273, 0.46063776232531584, -1.5756768684876727, 0.9789123267757983, -0.20605759393518713, 0.8504152974722344, -0.4395127040462469, -0.1618880499806695, -0.8465498481730798]
  28  0.0012565893621173778  f = ((cos(0.8249164191514522 ^ #2) ^ #2) ^ -42.460131793008834) * ((#5 / ((0.009932947848675596 ^ ((0.6007587744039633 ^ cos((0.8255498823703424 ^ 18.60043693207174) - #5)) * cos(#2))) + 18.60043693207174)) + 0.5230264689438763); p1 = [1.370883397593291, 0.3619378079951608, -0.24616435044929988, -1.7993085363122845, -0.3629739912042485, 0.2615439144991254, 1.3162106640214823, 0.24570257948508148, -0.6591979866959661, -0.04062289119418075, -0.568816085019715, -0.1778864114114168, 0.21975538565800362, 1.5110449957309056, -0.3507691721018894, 0.7449608429548049, 0.17754090162154912, 0.31098638596232037, 1.2791279285914778, -1.3108756368282102, -1.7123009364278101, -1.5416882750635652, 0.6624468754408116, 1.2593747382812555, 0.05304129489993958]; p2 = [0.8854130975407616, -0.26918638030863695, -1.1423271572646274, 0.1330078039383898, -0.7109442874061681, -0.009516958330726194, -0.6299395975577311, 1.2088366004877327, 0.09464730222545094, -0.3306458729151082, -0.5767938945364971, -0.24759561238578895, -0.5710434092821914, 1.529749159069301, -0.44525121073607893, -0.7382099604037313, -0.8855303351341954, 0.07924856175649166, -0.47013550921781777, 0.8112430774943722, 1.1545485108457672, 0.08348204490122718, -0.7939179174606146, 2.2008091524478415, 0.5698281650209968]; p3 = [1.302559375845984, 0.07850921793960716, -0.37328484618589763, -0.2657792198050106, -0.37604289569546073, -0.3044343985789144, -0.2544219594626906, -0.13631615681263556, 0.0327247082554151, -0.022318288250267018, 0.0017326003185815157, 0.8134328627041778, 2.4755259381102945, 0.5515251892228442, 2.5068192755933927, 2.6547047754319397, 2.661157252573108, 0.440413714579655, 0.606113963952751, 0.16245098786514905, 0.3505859764536523, -0.07125459785940261, 0.07119728126385384, 0.22850172767652546, 0.4771141137188106]; p4 = [-0.8643036546969257, 1.15497827737552, -1.6242766284750894, -0.19617754436006235, -1.6994074502229966, -0.07669966665816703, 1.1971746881693002, -2.04083190556044, 0.30606689011073085, -0.2988723079926407, -0.8145744274615196, 2.8756265476077836, 2.5406921514383902, -1.1318844987215124, 0.7814873146086098, 1.07366525498878, 1.2816883772132273, 0.46063776232531584, -1.5756768684876727, 0.9789123267757983, -0.20605759393518713, 0.8504152974722344, -0.4395127040462469, -0.1618880499806695, -0.8465498481730798]
