0.6924181042785168
0.6924181042785168
0.6924181042785168
0.602922623066686
0.602922623066686
0.602922623066686
0.5695657487727845
0.5695657487727845
0.5695657487727845
0.5728595550126497
0.5728595550126497
0.5728595550126497
0.5697042661253122
0.5697042661253122
0.5697042661253122
0.5756189658400815
0.5756189658400815
0.5756189658400815
0.5803971764787065
0.5803971764787065
0.5803971764787065
0.5882030830126456
0.5882030830126456
0.5882030830126456
0.6161272968069291
0.6161272968069291
0.6161272968069291
0.6072067615823861
0.6072067615823861
0.6072067615823861
0.5980385801060468
0.5980385801060468
0.5980385801060468
0.6622293639526287
0.6622293639526287
0.6622293639526287
0.800561537988783
0.800561537988783
0.800561537988783
0.641406764975371
0.641406764975371
0.641406764975371
0.8191809987246885
0.8191809987246885
0.8191809987246885
0.7939806809588138
0.7939806809588138
0.7939806809588138
0.8318873605772185
0.8318873605772185
0.8318873605772185
0.6343621604314496
0.6343621604314496
0.6343621604314496
0.643792400926669
0.643792400926669
0.643792400926669
0.6096440895240993
0.6096440895240993
0.6096440895240993
0.6235437910219651
0.6235437910219651
0.6235437910219651
0.5855964903519885
0.5855964903519885
0.5855964903519885
0.6026959680082892
0.6026959680082892
0.6026959680082892
0.6140430142265739
0.6140430142265739
0.6140430142265739
0.6322576378246645
0.6322576378246645
0.6322576378246645
