3.471339626105498
3.471062415447441
3.470877955459112
3.4707552103795005
3.4658119275509947
3.465258411187329
3.464890117872322
3.4646450555574613
3.4664309590622637
3.465323817023445
3.464587255634106
3.4640971911767204
3.4695734033175456
3.467357465842033
3.465883635200694
3.4649032088865552
3.464250929318391
3.5101427517025834
3.5101427517025834
3.471339626105498
3.471339626105498
3.4658119275509947
3.4658119275509947
3.4664309590622637
3.4664309590622637
3.510002594225379
3.510002594225379
3.471062415447441
3.471062415447441
3.465258411187329
3.465258411187329
3.465323817023445
3.465323817023445
3.5099093283081895
3.5099093283081895
3.470877955459112
3.470877955459112
3.464890117872322
3.464890117872322
3.464587255634106
3.464587255634106
3.5098472650615875
3.5098472650615875
3.4707552103795005
3.4707552103795005
3.4646450555574613
3.4646450555574613
3.4640971911767204
3.4640971911767204
3.509805965139731
3.509805965139731
3.470673530998714
3.470673530998714
3.464481986302651
3.464481986302651
3.463771111913298
3.463771111913298
3.509778482014998
3.509778482014998
3.4706191778059408
3.4706191778059408
3.4643734746946997
3.4643734746946997
3.4635541366262346
3.4635541366262346
3.47617802976887
3.4717391363318573
3.4687883773706623
3.466826158934858
3.465520998656977
3.4646527406352097
3.4695734033175456
3.467357465842033
3.465883635200694
3.4649032088865552
3.464250929318391
3.4638169322249532
3.47617802976887
3.4717391363318573
3.4687883773706623
3.466826158934858
3.465520998656977
3.4646527406352097
3.4695734033175456
3.467357465842033
3.465883635200694
3.4649032088865552
3.464250929318391
3.4638169322249532
3.47617802976887
3.4717391363318573
3.4687883773706623
3.466826158934858
3.465520998656977
3.4646527406352097
