2.988145607015333
2.74798499126722
2.64096787289942
2.922826677073673
2.8567810611230153
2.9424552407256965
2.5787234513114905
2.7279036632583478
2.5425436979706046
2.47931892675418
2.422767710548978
2.7461746820577164
2.60429315772503
2.5733140489945594
3.3056680152885445
2.7323300320252066
2.6168619938163244
2.527434983689524
2.9496608203997816
3.113482013565729
2.9443919625245325
3.3389588172231033
2.974221404956321
3.083295682609404
3.260547614384003
3.193845402837954
2.910826775934496
2.7793807537593795
3.081076838362106
3.634155104278552
2.8655452321855974
3.0756356350970524
2.8244932012999273
3.2877789501645935
2.905588939734213
2.921918254763108
