0.68228846214121819
0.68228846214121819
0.68228846214121819
0.60446170797445442
0.60446170797445442
0.60446170797445442
0.58273502476295569
0.58273502476295569
0.58273502476295569
0.5842835148247062
0.5842835148247062
0.5842835148247062
0.57984328760258042
0.57984328760258042
0.57984328760258042
0.58196593111456085
0.58196593111456085
0.58196593111456085
0.58129657769649667
0.58129657769649667
0.58129657769649667
0.59364412610318862
0.59364412610318862
0.59364412610318862
0.64103783728485997
0.64103783728485997
0.64103783728485997
0.63096081761818978
0.63096081761818978
0.63096081761818978
0.60807158320490007
0.60807158320490007
0.60807158320490007
0.67984461731383994
0.67984461731383994
0.67984461731383994
0.81539034814494993
0.81539034814494993
0.81539034814494993
0.64557167242334623
0.64557167242334623
0.64557167242334623
0.83227869553000811
0.83227869553000811
0.83227869553000811
0.81097677876004148
0.81097677876004148
0.81097677876004148
0.8430681865922085
0.8430681865922085
0.8430681865922085
0.6331720977928601
0.6331720977928601
0.6331720977928601
0.63858887790444285
0.63858887790444285
0.63858887790444285
0.59564285679295814
0.59564285679295814
0.59564285679295814
0.60992332682787409
0.60992332682787409
0.60992332682787409
0.58817068613272394
0.58817068613272394
0.58817068613272394
0.59993928582507694
0.59993928582507694
0.59993928582507694
0.59618157447078435
0.59618157447078435
0.59618157447078435
0.60766695049096531
0.60766695049096531
0.60766695049096531
