2.9560646639436783
2.7157054531780158
2.6978971117302937
2.8467414655838397
2.7827447728331602
2.8825867914574701
2.6518027858655184
2.6591749141137591
2.4921158626856279
2.5426936567595817
2.4495710887875521
2.7062543021200423
2.6291592609567669
2.5581410001416121
3.285968759597063
2.6713521973463976
2.6886934728759204
2.6026351882715737
3.065164693204407
3.0789649718103256
3.0083768397775348
3.3127080116406731
3.0733615117425757
3.0898239484158978
3.212237117550286
3.1525371348380276
3.032216959838415
2.83927805428897
3.0359718972784702
3.6207868644963703
2.9847626201007991
3.0479273001485634
2.9274514636209741
3.2449640722354989
2.8791631941922056
2.9414641802451698
