-0.10523485869248361
-0.082751581953623088
-0.018307064776600157
-0.53939433461997266
-0.53939433459978936
-0.53939433459978936
-0.53939433451781316
-0.53939433450548591
-0.53939433449501784
-0.5393943344860308
-0.53939433445537477
-0.53939433443271734
-0.53939433439954421
-0.010170149078926945
-0.009185837952363371
-0.006848749131372428
-0.18447172301158918
-0.18445486153701329
-0.18445486153701329
-0.18444014063091096
-0.18440726167156532
-0.18439595669901479
-0.18439595669901479
-0.18434468691534417
-0.18433596068811636
-0.18432826060201218
-0.18432140852980022
-0.18429590244066141
-0.18427398722368377
-0.18423173306585011
-0.38594255024374313
-0.38582342834217914
-0.38556016511902269
-0.38548779643262959
-0.38548779643262959
-0.38548779643262959
-0.38533605758132039
-0.38531609976618236
-0.38513383795988326
-0.38503629168362191
-0.38489200927432327
-0.38489200927432327
-0.3847219132930545
-0.38462544272667726
-0.38462544272667726
-0.3845395971262397
-0.38434173771558577
-0.38427151965746204
-0.38427151965746204
-0.38393575478006281
-0.38387523833121856
-0.38382086281134264
-0.38377164982830742
-0.38358062481319521
-0.38340432892948512
-0.38301469318958509
0.003887510324052143
0.0044889659531698045
0.0058949050615096019
-0.4250319237404438
-0.42503191927109785
-0.42503191518602401
-0.42503191143827873
-0.42503190910735428
-0.42503190831712362
-0.42503190791099371
-0.42503189123960694
-0.42503189123960694
-0.42503187965705269
-0.42503187737470272
-0.42503186836796786
-0.42503186102437213
-0.42503185876257737
-0.42503185405884197
-0.4250318528369661
-0.4250318528369661
-0.4250318528369661
-0.42503185037453317
-0.42503185006068017
-0.42503184730217303
-0.42503184590549453
-0.42503184394127708
-0.42503184394127708
-0.42503184178098413
-0.4250318406302192
-0.4250318406302192
-0.42503183965134994
-0.42503183755641483
-0.42503183686672258
-0.42503183686672258
-0.42503183395387201
-0.42503183349589024
-0.42503183310162307
-0.42503183275878231
-0.42503183155262952
-0.42503183061219113
-0.42503182909666098
-0.55266861942529943
-0.55374350647398374
-0.55622835348107047
-0.55693985560928239
-0.55693985560928239
-0.55693985560928239
-0.55847500919030946
-0.55868148420338437
-0.56061948412115459
-0.56169782399605506
-0.56335004721930781
-0.56335004721930781
-0.56539359595470629
-0.56660301328664386
-0.56660301328664386
-0.56771251673930112
-0.57040090697729329
-0.57140318238255328
-0.57140318238255328
-0.57660999248557943
-0.57763243481014748
-0.57857639628011959
-0.57945257797098837
-0.58307320422569253
-0.58411744004614152
-0.58678195143518008
-0.59678764444180143
-0.42879641705863314
-0.42879641658992723
-0.42879641587567485
