2.1687721111796874
2.1618251978979148
2.1399778545895707
2.128224984111271
2.1184561296378854
2.1126160932259541
2.1123105202155124
2.1188733073762984
2.1332713419118616
2.1561315680386519
2.1675033248376918
2.1600130887521396
2.1492853445675375
2.1365575874101745
2.1236214340089288
2.1123165345792203
2.1045031790155799
2.1016635940863324
2.1049770287708625
2.1152306380092396
2.1328312298375032
2.1579490415117131
2.1677438698701201
2.1600108381406504
2.1489619524499513
2.1358009961852762
2.1222846920092833
2.1102028800867609
2.1013598530313566
2.0971561617791603
2.0986648096248475
2.1065429490001217
2.121032046746977
2.1420955398452617
2.1684636738046965
2.160651519636045
2.1494955936820768
2.1361869662610187
2.122468387428305
2.1101095074792138
2.1008908849637669
2.0961782597138647
2.0969981804475042
2.1039490536392993
2.117195684172505
2.1366028974694542
2.1692891350850561
2.1614368569695368
2.1502259598615545
2.1368405337004814
2.1230154189289889
2.1105087455507943
2.1010872122694999
2.096096129517437
2.0965343945048249
2.1029648219793837
2.1155050989653672
2.1339585006131507
2.1705958279030986
2.1627098280903994
2.1514522580424154
2.1380009596837466
2.1240835270035823
2.1114474624886377
2.1018464480128531
2.0966065151823639
2.0967001681134505
2.1026557719065906
2.1145448764137456
2.1321097388915926
2.1728403989169869
2.1649250011049217
2.1536262911317743
2.140116286638118
2.1261156629606797
2.1133616958764332
2.1035953058854111
2.0981235140364238
2.0978924788789324
2.1033956672347354
2.1146573064021834
2.1313562387391425
2.1760311199187559
2.1680947399225059
2.1567663353385926
2.1432134789719979
2.1291514424645563
2.1163094475632986
2.106418179967132
2.1007693152474682
2.1002874830174383
2.1054372127636269
2.1162029992226179
2.1322097364699322
2.1801622231399471
2.1722113241037944
2.1608621640099734
2.1472790534480857
2.1331732187724106
2.1202678058508817
2.110285656882247
2.104506614262045
2.1038385245975251
2.1087230689056726
2.1191130201941664
2.194918439676671
2.1869465462845907
2.1755669715681392
2.1619389329399934
2.1477671795490787
2.1347650244858336
2.124642354929724
2.1186592933537653
2.1176953075768403
2.1221527850736708
2.1319291275797805
2.1465284051832443
