1.9732747222503411
1.026580008841097
1.5071938603742427
1.792268494840402
0.87140257057872017
1.3596553916491871
1.7900743757374162
1.2186227690181424
1.5493842454054851
2.1840316189230111
1.0980781247827804
1.6857984029439312
1.8967318313421182
0.85472017113824961
1.3703093833943716
1.7823830337955278
0.73749881689610997
1.3189356208964813
1.6042092259167751
0.99770123791280629
1.3218737952506658
1.9042065855026939
0.91861959031835549
1.5102688506135908
1.717120843278394
1.7535329898031016
1.2738189369505191
1.861725067296673
2.1864303754680137
1.250084636659887
1.6560942322594425
2.0462244542016506
1.3292370134359792
2.0063962416450378
0.93606165842624767
1.4939181641859205
1.6720091538904367
0.59455065922424211
1.2035808655759381
1.9041545226436152
0.68057883001773201
1.3573607191446584
