-1.1864217339276815
-2.0919894765096538
-2.5529595389001756
-2.8502541983472143
-3.0644327139870264
-3.2291257104922062
-3.3613570401887403
-3.4708469111790317
-3.5636266650299091
-3.6436748063686419
-3.7137420099703773
-3.7758023301072061
-3.8313161328378826
-3.8813913377272264
-3.9268865427218671
-3.9684793454117733
-4.0067129851580043
-4.0420290194245174
-4.0747907377528083
-4.1053002746473952
-2.3518476067366918
-3.0644327139870264
-3.4185060161674166
-3.6436748063686419
-3.8043014615936528
-3.9268865427218671
-4.0247113887519426
-4.1053002746473952
-4.1732921322540539
-4.231730417761888
-4.2827094690758321
-4.3277261120682127
-4.3678835931850299
-4.4040161220700895
-4.4367682291841284
-4.4666471642503165
-4.494058558233224
-4.5193313367121917
-4.5427355247468348
-4.5644952285575666
-2.9471039707598772
-3.5491365834741169
-3.8443076238633327
-4.0305573603221863
-4.1626915629639845
-4.2631066273914469
-4.3429657522209979
-4.4085660955656101
-4.4637763331147227
-4.5111269801807268
-4.5523548752333083
-4.5886984965911539
-4.6210688065491352
-4.6501533487942615
-4.6764824426917073
-4.7004728090711572
-4.722457211208873
-4.7427051295960299
-4.7614375162216653
-4.77883753756476
-3.6246900509006172
-4.0903101625583984
-4.3147754452919571
-4.4550124640379769
-4.5538084427245336
-4.6284842461862299
-4.687614101123561
-4.7360086174177063
-4.776610051531458
-4.8113356653698105
-4.8414970640447237
-4.8680267950842806
-4.8916090148383988
-4.9127588765118686
-4.9318728817654769
-4.9492619875373816
-4.9651740518325314
-4.9798094588827038
-4.9933322494371746
-5.0058782112175493
-4.1876930444011586
-4.5304712457517509
-4.6930108278603537
-4.7935749520288926
-4.8639346672618125
-4.916834402193401
-4.9585409649415508
-4.9925518983049653
-5.0209970759349112
-5.0452592587595424
-5.0662813587544147
-5.0847318799587811
-5.1011000185360826
-5.1157532804662083
-5.1289739334373179
-5.1409829196452694
-5.1519560342737147
-5.1620351660624957
-5.1713362899858026
-5.1799552673296905
-4.5257451751798312
-4.7899756897133079
-4.9137856457376348
-4.9898495457763072
-5.0428021109142964
-5.0824607239625887
-5.1136298015747279
-5.1389805766915027
-5.1601346426329933
-5.1781419677478144
-5.193716870150765
-5.207364746667924
-5.219454755454997
-5.2302637631883515
-5.2400040979360698
-5.2488417253299895
-5.2569085273046641
-5.2643108213052097
-5.2711354100993146
-5.2774539666798477
