3.670759344573719
3.530122779949547
3.4742630337496996
3.423220283754245
3.355849026123207
2.6214103141917975
2.6051610803758027
2.58741147273704
2.4771445256420948
2.430823562854846
2.430015541131618
2.5309216092353366
2.496864882090099
2.453949643953417
2.4281809330407373
2.3411896840885795
2.3312310189913945
2.3236509768809506
2.499523034090445
2.488195739146025
2.4805327783015394
2.4581272935144263
2.4238306414053605
2.4110462717244014
2.367259328260804
2.3678072840722146
2.3536924401084707
2.3323310265853103
2.312424556726094
2.28062834607917
2.2370802620776944
2.4086275815112757
2.3934528236952106
2.399924222045202
2.366311207600614
2.4167310895788128
2.4028443853378003
2.3874387652105096
2.4695579033017436
2.4653328705234667
2.452795217038703
2.285281562420851
2.2661410246344835
2.2393443310582026
2.335487188715787
2.3244134614720373
2.3157459763249766
2.3108270309357177
2.3266173409294955
2.300749868696147
2.227687288875729
2.229657672589133
2.2811481550533137
2.266104846864468
2.246438444916232
2.235812228115177
2.108653004649344
