0.6749158919202983
0.6749158919202983
0.6749158919202983
0.5815067183888054
0.5815067183888054
0.5815067183888054
0.5618008727282566
0.5618008727282566
0.5618008727282566
0.5601184445860165
0.5601184445860165
0.5601184445860165
0.557278084249171
0.557278084249171
0.557278084249171
0.5620930908625401
0.5620930908625401
0.5620930908625401
0.560603454892834
0.560603454892834
0.560603454892834
0.5694575486981881
0.5694575486981881
0.5694575486981881
0.6071801652165096
0.6071801652165096
0.6071801652165096
0.5971875214521549
0.5971875214521549
0.5971875214521549
0.5812825008895256
0.5812825008895256
0.5812825008895256
0.6477455396996139
0.6477455396996139
0.6477455396996139
0.7738562566916866
0.7738562566916866
0.7738562566916866
0.6218297766348523
0.6218297766348523
0.6218297766348523
0.7903733852690142
0.7903733852690142
0.7903733852690142
0.7713348662505083
0.7713348662505083
0.7713348662505083
0.8001007498126342
0.8001007498126342
0.8001007498126342
0.6096770866825754
0.6096770866825754
0.6096770866825754
0.6182488927610515
0.6182488927610515
0.6182488927610515
0.5846035877618632
0.5846035877618632
0.5846035877618632
0.5953613843585713
0.5953613843585713
0.5953613843585713
0.5661132152452916
0.5661132152452916
0.5661132152452916
0.5796869013528145
0.5796869013528145
0.5796869013528145
0.5890048273937671
0.5890048273937671
0.5890048273937671
0.603105198974786
0.603105198974786
0.603105198974786
