task datadecide seed 3 seconds 2960.0 groups 25 inputs N,ln_N
chosen: f = (((15.506583061247367 / #2) ^ #3) ^ (28.39214626939283 / #2)) - -0.21591930178859975; p1 = [1.9599750378335306, 2.5326736245815096, 2.672134885180782, 2.6844076068692524, 2.7052638057568723, 2.6700093429220675, 2.680863483945728, 2.617025816076822, 2.3618509954707116, 2.4269678150858534, 2.5342177581803003, 2.1135576486501524, 1.4686597162216708, 2.269332893013229, 1.3952299207021495, 1.4800598917785068, 1.3529667628244113, 2.345839578598616, 2.291635523785933, 2.511442545815976, 2.4390520262454407, 2.6409484412046833, 2.545233723054901, 2.4815739814933333, 2.388202320479476]; p2 = [-0.26408227513031635, -0.01628611286486191, -1.5675746288232058, -1.7907111117956664, 0.16223947260433166, 0.4889919074867187, 0.8740303509533282, -0.1276783497085652, -0.1981650380122664, 0.7726970103841136, -0.00041025038083540257, -0.1324951394538645, -1.025090076110551, 0.057953407179137516, -0.4496886489250981, -0.00616690847168257, 0.9345385448434981, 1.3783600518816779, 1.5876531669590204, 0.23291937507300117, -0.12320370452699707, 6.408401409336459, -0.14358943210439604, 0.014919114421550684, -0.8310196689585351]; p3 = [1.533922123933461, -1.2027416327293272, 0.05382970429751191, 1.7431319879153593, -0.9583294067317075, 0.004078423886335094, -0.01836724870444893, 4.727367259214076, -0.09943289121437321, -0.49068993697699664, 0.012952459557647303, -1.9389107548402735, -0.0738916220904323, 0.03747415166569404, 0.6952022861239493, -0.6678009051913261, 0.3374146136927715, -0.6273195779457252, 0.7696863147803497, 1.705228849216813, 0.681214003451185, 1.1552434133828797, -0.5648207821299068, -0.49482468177618444, -0.030105019103581335]; p4 = [-0.08190878791987027, 0.1632383412007199, 0.01635740357056512, -0.0014651389392023183, -0.5778680894717334, 2.08133751111453, 0.10059538618544397, 2.0319172277483317, 0.03025901657741299, -0.21643679355024517, -9.465880274225201, -2.7960438673121626, 2.5988107153705498, -0.013149064956979288, 0.004099845824951061, -0.09017682682515993, -0.19512283669552152, -0.013821830508799402, -0.011782308534724057, 0.28411174442460746, 0.020436212985071176, 0.018357137993046866, 0.013861729822885237, 5.873957965951139, 0.45239981493884873]
front:
  1  0.04753877151872498  f = #3; p1 = [0.9743025203234386, 0.8985543735672488, 0.8675863613959849, 0.8725460514932626, 0.8701608141537978, 0.8747141559937441, 0.8781589538800789, 0.8844504731605003, 0.8973166054380051, 0.8929110214226116, 0.8911099441659265, 0.9331007860649673, 0.9875838835719876, 0.9260211418937099, 0.9950786638112287, 0.989514362200161, 0.9980669941047792, 0.9261979249062567, 0.9353261526327348, 0.9060180942948615, 0.9197004887262104, 0.8849178661184691, 0.8994905630674679, 0.9093186915833078, 0.9278461081593496]; p2 = [-0.3602439365348931, 0.032236410399180807, -1.8274412528174946, -3.684478652094328, 0.11825362645805912, 0.39327461772398886, 1.4146524949188712, -0.05254494241311089, 0.11186335679747561, 0.6495077817509651, -0.00015649114564355568, 0.2023477302072118, 1.5002298629341029, -0.06027550364902105, -0.1227837161261535, 0.010832089284941337, 0.7929375452647865, 2.1378507967666827, 1.8168440347633918, 0.31293372433660926, -0.13862992687472725, 4.304624029913097, -0.1417466663610703, 0.007392450416770935, 0.5485060066232752]; p3 = [-1.6372920963699762, -2.045751600609841, -0.07517150334355414, 2.3610304828143223, -1.1993924208544355, 0.004498311620092292, 0.006421176239686797, 5.3134882404687245, 0.11771355596602506, -0.5615294764143777, 0.025519362613826774, -0.07037899741164207, -0.049045818177687835, 0.027507189112412123, 0.28589905335682764, 0.7618329542810038, 0.19138582083877462, 0.14894278000465785, -0.2743468300375317, -1.4141233287410957, -0.4997918129412744, 1.7504461696297982, 0.7433791976283511, 0.8815972482188856, -0.02757485682925058]; p4 = [0.1231775695794863, 0.24766194911800032, 0.025040754953181574, 0.0019034019936097037, -0.3188333990929686, 3.355742636989884, -0.11508113286416356, -1.1427726137640435, -0.035152635890012156, -0.2869211474973542, -5.567078216321025, 3.518038640223087, -2.2351058388170117, -0.02274094345305631, -0.006547798451134579, 0.13677950116864132, 0.14630498182583018, -0.012960545394684973, -0.002780684965093906, -0.1956788001358391, 0.02837680755841277, -0.02453418176114948, -0.017240057222743684, 2.998037043886071, 0.4986122480309266]
  3  0.01913703338581879  f = #4 / #2; p1 = [2.047329042010838, 3.439258447571319, 2.6711377774815808, -0.2064126844582748, 2.8907160943621992, 1.4652124498162309, 1.6747633711804129, 1.894134383101416, 2.966906802164657, 1.8779462130723752, 1.8425749353962564, 2.190497191594513, 1.056322361739801, 1.9702430471433756, 0.5412788433895239, 2.421427131332824, 1.1415399768073942, 2.1242815936102306, 1.3663615973952266, 2.2529675217921254, 4.757001659152554, 1.9333266130277234, 0.7871511704801262, 0.7451467408289697, 3.5854429780691084]; p2 = [17.117367108175767, 15.821532257682813, 15.272214637628906, 15.366774991814614, 15.326928689098947, 15.405687911694555, 15.472937813986395, 15.57377505372637, 15.752830055367811, 15.683865679330365, 15.679923026988575, 16.365154171554064, 17.191890039734435, 16.27769848646584, 17.309168474329635, 17.2378957975494, 17.351690951568166, 16.295541086996177, 16.45763717215098, 15.964700410057388, 16.20453116904727, 15.590481275872978, 15.844259193988192, 16.024119551261236, 16.3515892232114]; p3 = [-2.624541335455226, 2.103563320982682, -0.067120642118677, 2.3437099355994726, -0.7689995242526523, -0.009773619122716085, -0.002180273368266382, -7.566240060874073, -0.17710909444110795, 0.4278842342497019, -0.013959796596307831, 2.093865954456653, 0.06908751792779322, -0.03874586751636921, -0.9906614352051089, 0.7467537860172094, -0.10530303779774919, 1.3246916896559666, -0.7823189135974042, 1.3080105634138282, -1.021972593130994, 1.6717779575934286, -0.6765452481581199, 0.710397405950265, -0.012838234549553754]; p4 = [0.08007533317757341, -0.3533593093755955, -0.025653852393167424, -3.58298335448204e-5, 0.524503249716257, 1.6739161237627516, 0.1391211923597268, 0.39249278575517615, 0.036753602713542194, 0.21513331014766637, 16.67018669326031, 0.997647034367027, 2.0822905098085607, -0.014473914197807386, -0.0054918114704146734, -0.11078815548629532, -0.004332400577529804, 0.009521124050139957, 0.022125291409984444, 0.5369241529040718, -0.02476111814711266, -0.007868196835981575, -0.006180717912197861, 4.963710304929931, 0.7255356159573123]
  5  0.0033473305435142257  f = (16.60390965124305 / #2) ^ #3; p1 = [2.4324330704989587, 2.8088989265775908, 2.773100564743052, 2.8370137116343592, 2.8574342334594554, 2.842327296506088, 2.8977063793197746, 2.8272062577891903, 2.439594846360231, 2.517540649148269, 2.7261072241659483, 2.279062825441863, 1.271052401348825, 2.563862710478797, 1.1578975650629046, 1.337983797825519, 1.083941952185412, 2.7075210899037554, 2.7060844303727585, 2.8826420498082026, 2.8747947332934576, 2.8839138155963098, 2.8557049051747656, 2.8789416957655383, 2.888112524825317]; p2 = [0.2871809514197008, -0.018290405987218723, 1.470432081916726, 1.7463278746336857, -0.15044426833051858, -0.5467209625233505, 0.9251649695194764, 0.12737057807704724, -0.1751279264178978, -0.6135761156214454, 0.00045457906462016397, -0.1324951394538645, -1.0495930213048195, 0.057953407179137516, -0.4417623712254375, 0.006456777372396512, 0.8451538262334028, 1.2723158132191383, -1.6658603867174402, -0.2239001615132417, 0.11140788608343578, 5.4012293470628405, 0.1545376129968383, 0.015813893872816547, 0.792869915757466]; p3 = [1.533922123933461, -1.2027416327293272, 0.05382970429751191, 1.7431319879153593, -0.9583294067317075, 0.004078423886335094, -0.01836724870444893, 4.727367259214076, -0.09943289121437321, -0.49068993697699664, 0.012952459557647303, -1.9389107548402735, -0.0738916220904323, 0.03747415166569404, 0.6952022861239493, -0.6678009051913261, 0.3374146136927715, -0.6273195779457252, 0.7696863147803497, 1.705228849216813, 0.681214003451185, 1.1552434133828797, -0.5648207821299068, -0.49482468177618444, -0.030105019103581335]; p4 = [-0.06680611919962585, 0.18593871200606643, 0.015076397645524082, 0.0014786062276421804, 0.6884283022759424, 1.6553039631428843, -0.14364299763945168, -1.5299426530931994, 0.026108860274839114, 0.3206743443049627, 10.04126807737518, -2.3898589292577856, 2.4476546999899935, -0.013466438187020181, 0.0029536521739238785, 0.09685297281992729, 0.20687714977065846, 0.016066628407942835, 0.01282216425995447, 0.20004868844008425, -0.02076152717385707, 0.020250969903861493, 0.014304197743362109, 6.197256148834364, 0.36080726104567934]
  7  0.002754336430241355  f = ((15.96014518497837 / #2) ^ #3) + 0.10601697977128394; p1 = [2.730508587223147, 3.144953132943104, 3.0985218676321, 3.1717434706419416, 3.1908361602214907, 3.171908232264353, 3.231491404625326, 3.1628674652117104, 2.756054876413782, 2.8436483056458512, 3.059951593764584, 2.5927214874680957, 1.519679967604011, 2.8838621405353653, 1.3912231622049218, 1.581590259833801, 1.3036675236155102, 3.050265764577395, 3.042378822723931, 3.2038661472648116, 3.201750011366431, 3.221029595698279, 3.188445704925642, 3.1879367048220697, 3.19870780082416]; p2 = [0.2871809514197008, -0.018290405987218723, 1.470432081916726, 1.7463278746336857, -0.15044426833051858, -0.5467209625233505, 0.9251649695194764, 0.12737057807704724, -0.1751279264178978, -0.6135761156214454, 0.00045457906462016397, 0.15053712843279912, -1.0495930213048195, 0.057953407179137516, -0.4417623712254375, 0.006456777372396512, 0.8451538262334028, 1.2723158132191383, -1.6658603867174402, -0.2239001615132417, 0.11140788608343578, 5.4012293470628405, 0.1545376129968383, 0.015813893872816547, 0.792869915757466]; p3 = [1.8426566629148406, 1.1085625327244353, 0.052078420535321746, 1.6361342740572722, 0.9592980792876844, 0.0035383730090955356, -0.016469731481097014, -4.630644135310004, 0.09729480157079318, 0.44972221138350194, 0.013707506067996023, -2.0598656355260507, -0.07130821072148653, -0.03783016019473439, 0.6897229455627094, -0.6370988434824414, 0.3450508662670713, 0.5990328376981685, -0.6803527980730013, -1.7931012445218422, -0.7314531735852825, -1.2070826659602596, 0.5397406579459797, 0.5271609015927136, 0.02200803168537552]; p4 = [-0.07001259112873044, -0.19234264637347118, -0.014328518496982726, -0.0015953567682419135, 0.6106192129831073, -1.4594650834578586, 0.14001812506072678, 1.4334587183834004, -0.024919129576521558, -0.30851550348341983, 11.944262692395561, 2.0984912443845056, 2.291338910621675, -0.012590311122641227, 0.0028560489922418645, -0.09273150392613572, 0.17341912031180695, 0.01624288972034919, -0.013617273179144263, 0.19266832957180482, -0.019713292434912676, 0.018326540159256468, 0.013460080349548757, -6.173783528940476, -0.3410613567051732]
  9  0.002464861606236824  f = ((16.501858556124578 / #2) ^ (17.55483608521081 / #2)) ^ #3; p1 = [2.541326855144187, 2.9153671990992285, 2.8654554989432452, 2.9352936273274954, 2.9535717551813265, 2.937230053869084, 2.994656581026368, 2.929609420185089, 2.5439779615781615, 2.625407180080631, 2.831987706593199, 2.394923158655195, 1.3839638746287655, 2.6731619792249046, 1.2644300025774615, 1.444971622019836, 1.1830557081691173, 2.8286476383321317, 2.8247206713568356, 2.9775967985371143, 2.977421312871917, 2.985365579647349, 2.95843930823449, 2.9657166368403933, 2.9804429424748515]; p2 = [-0.30272300007695774, -0.015941961143532826, -1.7578700187429894, -1.8475542569006667, 0.1321291265106388, -0.5271094467586939, -0.9023296306501447, -0.12389561440619883, -0.2168410298267796, 0.543531068802752, -0.00048401506325558146, -0.15609492652695944, 0.898609550040352, 0.06504378951453642, 0.47485815246533786, 0.007045393992905071, 0.8568536944240247, 1.3806351972935955, -1.6184743239791806, -0.22607555859443015, -0.1385644038602671, -5.884564854306812, -0.16825425363446075, -0.017319835974814846, 0.704565860327558]; p3 = [1.533922123933461, -1.2027416327293272, 0.05382970429751191, 1.7431319879153593, -0.9583294067317075, 0.004078423886335094, -0.01836724870444893, 4.727367259214076, -0.09943289121437321, -0.49068993697699664, 0.012952459557647303, -1.9389107548402735, -0.0738916220904323, 0.03747415166569404, 0.6952022861239493, -0.6678009051913261, 0.3374146136927715, -0.6273195779457252, 0.7696863147803497, 1.705228849216813, 0.681214003451185, 1.1552434133828797, -0.5648207821299068, -0.49482468177618444, -0.030105019103581335]; p4 = [0.07822469685707333, -0.1969834817352933, 0.014983614013501966, -0.0013273652315570251, 0.7706188611079897, -2.3804780751724346, -0.10804349965624194, 2.1655335680223313, -0.033377643659659485, -0.23821727473565182, -12.17727610092617, 3.1881568854039477, 2.2581583895218014, -0.012840465631800553, 0.003828866217044701, -0.07676291376062239, 0.1907802191693233, 0.01292144312752911, -0.015526095492264335, 0.2657719332945718, 0.02120397972459346, -0.022613064950288704, 0.013996467036273236, -5.0703611008577045, -0.5010531797326369]
  10  0.0023745467231063616  f = sqrt(16.425905537252596 / #2) ^ (#3 ^ (17.69383572646689 / #2)); p1 = [5.1349554914001825, 5.757457350460201, 5.580370240363735, 5.736225471878873, 5.760981525715701, 5.733754308385309, 5.853925226904674, 5.752643207252415, 5.031791566804692, 5.193022775991269, 5.584602992181375, 4.808869640549552, 2.7882189124248318, 5.333153291133692, 2.527853979817781, 2.9065851458305567, 2.345242846300617, 5.666394182689152, 5.665706165581446, 5.858466401624889, 5.900003215127859, 5.858232684642556, 5.83193473614955, 5.820682477518569, 5.892228557885077]; p2 = [0.3225882038764745, 0.014051429607418495, -1.7503180782211738, 0.9913197737449382, 0.20322960318141006, -0.6416573048115057, 1.0190403882035675, 0.023970756448466295, 0.1691610024992706, 0.10974318068429426, 0.0006925836993766268, -0.0833111968354932, -1.1245359250431641, 0.07635690451477413, -0.4265140296629201, 0.008158213989879237, -0.09501069399289976, 1.8905316603137825, -2.0666279438741766, -0.06666817294459504, -0.13067279942096188, 10.552890333581894, 0.1161036088877178, 0.025790461255350512, 0.4372435929108176]; p3 = [1.7482018268639206, 0.9605464462337263, 0.04752023559699797, -1.883335685570594, -0.6953239634510169, -0.003962958262811278, -0.00643058731817613, -6.0339178150102075, -0.1505905050934693, -0.2965051285109176, 0.012172201700351938, 3.665619472908429, 0.06582325330109434, 0.05187195756105597, -0.2681385583445285, 0.6098130355631992, 0.14108265159600672, 0.4862839871247444, 1.5781261245331242, -1.988735341944722, 0.5552430195585368, -1.9771919152249096, -0.47281888684743956, 0.38134139290680846, 0.0005842226087897543]; p4 = [0.02608177235076915, -0.16755219108773192, 0.026212067875895837, 0.0018951593866751951, 1.033698348655107, -2.203141668332306, -0.0683968183539136, -4.071046242491367, -0.042363142873967696, 0.12580816090179076, 14.107430571338698, 1.9306168488508544, -2.435579423497114, 0.015201288775395108, -0.004274354908347439, -0.08609725256721194, 0.34063138781884716, 0.014181398827701985, 0.011065309204947124, -0.18237422865261788, -0.008800667963589156, -0.016998035206482985, -0.012060384189853193, -4.279247641257883, -0.2816456773673144]
  11  0.0017238561670390813  f = (((15.506583061247367 / #2) ^ #3) ^ (28.39214626939283 / #2)) - -0.21591930178859975; p1 = [1.9599750378335306, 2.5326736245815096, 2.672134885180782, 2.6844076068692524, 2.7052638057568723, 2.6700093429220675, 2.680863483945728, 2.617025816076822, 2.3618509954707116, 2.4269678150858534, 2.5342177581803003, 2.1135576486501524, 1.4686597162216708, 2.269332893013229, 1.3952299207021495, 1.4800598917785068, 1.3529667628244113, 2.345839578598616, 2.291635523785933, 2.511442545815976, 2.4390520262454407, 2.6409484412046833, 2.545233723054901, 2.4815739814933333, 2.388202320479476]; p2 = [-0.26408227513031635, -0.01628611286486191, -1.5675746288232058, -1.7907111117956664, 0.16223947260433166, 0.4889919074867187, 0.8740303509533282, -0.1276783497085652, -0.1981650380122664, 0.7726970103841136, -0.00041025038083540257, -0.1324951394538645, -1.025090076110551, 0.057953407179137516, -0.4496886489250981, -0.00616690847168257, 0.9345385448434981, 1.3783600518816779, 1.5876531669590204, 0.23291937507300117, -0.12320370452699707, 6.408401409336459, -0.14358943210439604, 0.014919114421550684, -0.8310196689585351]; p3 = [1.533922123933461, -1.2027416327293272, 0.05382970429751191, 1.7431319879153593, -0.9583294067317075, 0.004078423886335094, -0.01836724870444893, 4.727367259214076, -0.09943289121437321, -0.49068993697699664, 0.012952459557647303, -1.9389107548402735, -0.0738916220904323, 0.03747415166569404, 0.6952022861239493, -0.6678009051913261, 0.3374146136927715, -0.6273195779457252, 0.7696863147803497, 1.705228849216813, 0.681214003451185, 1.1552434133828797, -0.5648207821299068, -0.49482468177618444, -0.030105019103581335]; p4 = [-0.08190878791987027, 0.1632383412007199, 0.01635740357056512, -0.0014651389392023183, -0.5778680894717334, 2.08133751111453, 0.10059538618544397, 2.0319172277483317, 0.03025901657741299, -0.21643679355024517, -9.465880274225201, -2.7960438673121626, 2.5988107153705498, -0.013149064956979288, 0.004099845824951061, -0.09017682682515993, -0.19512283669552152, -0.013821830508799402, -0.011782308534724057, 0.28411174442460746, 0.020436212985071176, 0.018357137993046866, 0.013861729822885237, 5.873957965951139, 0.45239981493884873]
  13  0.0016177650617495807  f = (((15.742144229504982 / #2) ^ #3) ^ ((466.9850028975568 / #2) / #2)) - -0.15035188220835066; p1 = [1.996422813332341, 2.5680780277453943, 2.6896777933860294, 2.7110965902996456, 2.7307772864986073, 2.694936051550087, 2.71167697831641, 2.646667480763688, 2.3730925015296584, 2.442776042977832, 2.5623035007140027, 2.1326158381736686, 1.4337297548776538, 2.2996732304068503, 1.3498325929358246, 1.4499943744040873, 1.2998041067552002, 2.3888642766636603, 2.335962341805284, 2.548025515283307, 2.4826883593601607, 2.675372982627639, 2.5818500502679536, 2.5153765643180477, 2.4301489715720055]; p2 = [0.2871809514197008, -0.018290405987218723, -1.6087802122569204, 1.8821014355253016, -0.15044426833051858, -0.5467209625233505, -0.9023296306501447, -0.1276783497085652, 0.19332099024062954, 0.666722097384372, 0.00045457906462016397, -0.1324951394538645, -1.025090076110551, 0.057953407179137516, -0.4557947096408569, 0.00622091951153339, -0.9029829486553792, -1.3386817244281939, -1.6066169693773746, -0.24605511316757753, 0.11140788608343578, -5.848372837966086, 0.1545376129968383, -0.016638007958289496, -0.8310196689585351]; p3 = [1.533922123933461, -1.2027416327293272, 0.05382970429751191, 1.7431319879153593, -0.9583294067317075, 0.004078423886335094, -0.01836724870444893, 4.727367259214076, -0.09943289121437321, -0.49068993697699664, 0.012952459557647303, -1.9389107548402735, -0.0738916220904323, 0.03747415166569404, 0.6952022861239493, -0.6678009051913261, 0.3374146136927715, -0.6273195779457252, 0.7696863147803497, 1.705228849216813, 0.681214003451185, 1.1552434133828797, -0.5648207821299068, -0.49482468177618444, -0.030105019103581335]; p4 = [-0.08190878791987027, 0.1632383412007199, -0.01904277877372859, 0.0012510295171156885, -0.5778680894717334, 2.08133751111453, 0.10059538618544397, -2.3398006286703676, 0.03025901657741299, -0.21643679355024517, 9.622629086615564, 3.2228208615352476, 2.5988107153705498, 0.015976309939673694, -0.003720871737250521, -0.09017682682515993, -0.19512283669552152, -0.013821830508799402, 0.012210430686978564, 0.28411174442460746, -0.017943834032845305, 0.018357137993046866, -0.011892776578569946, 5.873957965951139, 0.45239981493884873]
  15  0.0015680090857635679  f = ((((15.694057636400752 / #2) ^ #3) * 1.1208239907022135) ^ (18.233422837637935 / #2)) ^ (18.233422837637935 / #2); p1 = [2.1326983702082627, 2.765801691752701, 2.902296889057338, 2.921698367795208, 2.944532376721357, 2.9075498185790702, 2.9244455368632396, 2.852089499701533, 2.551528609313425, 2.6265741870179995, 2.7584709288695834, 2.2791896090808854, 1.4702902988493654, 2.47133618382991, 1.3732921040661588, 1.4883839280394113, 1.3144706728114848, 2.565403726475626, 2.5096443388339096, 2.752429346561905, 2.6781312238937978, 2.88307575876709, 2.783475881447723, 2.7217156615854297, 2.62725571163936]; p2 = [-0.3037226246107436, 0.019805631227493035, 1.581754770167787, -2.0586336412234196, 0.16476800432125935, 0.5312560358439635, 0.8238928428462706, 0.111788002130736, -0.18392693762660373, -0.7245874061111129, 0.0004744608572355103, -0.12784044055514251, -1.1113952282226793, -0.05845411123088057, 0.4929286041512823, -0.006312016388658717, 0.9379758750399494, -1.3742759063444565, 1.7062730105167143, -0.21079519224574336, -0.11767622351057823, 6.556169259395524, 0.16173439431372208, 0.015081761334767702, 0.9096711541231883]; p3 = [1.5882122869070179, -1.1768495588500374, 0.05352572236229723, 1.8790637531683412, -1.1997863091801797, 0.0036755989016986935, -0.017140676671396942, 5.289245909663131, 0.09751878872670426, -0.41101242745853245, -0.011515755577180419, -1.8755321371763833, -0.0738916220904323, -0.034676479450814986, -0.5928861998108114, -0.5469732264443339, 0.36317091739131946, 0.6963703495671144, 1.0268966308817076, 2.0186822936012354, 0.6114643940520379, 1.253041996426363, 0.624056677434274, 0.515317146061811, -0.03210835781749939]; p4 = [0.07822469685707333, -0.1760085908957496, 0.01635740357056512, 0.0014818673501154687, 0.6789295554373772, -2.362261167723185, -0.11655606959788174, -1.9851208055994145, 0.03702155920970586, 0.2520648348178012, 10.90326385145596, 3.0884502187846885, -2.2617421408846883, 0.013377998910195463, -0.003626167079197093, -0.09017682682515993, -0.18249056383616052, -0.015469336594247507, 0.014074269936455273, -0.24626735209101386, 0.018235173319784394, 0.02025017289558038, 0.012696369527272058, -5.0703611008577045, -0.5010531797326369]
  16  0.0014554683835351465  f = ((16.413404201139624 / #2) ^ #3) ^ ((16.832699016282874 / (#2 - #3)) ^ (17.5060719388904 / exp(#3))); p1 = [2.039394189542652, 2.5298294602196396, 2.635394028766923, 2.652830444591149, 2.6760116517984454, 2.6517632265544355, 2.6744349205170272, 2.591394199404036, 2.2868293301409306, 2.344648016364731, 2.500785620912148, 2.0541460285456066, 1.2864804454132346, 2.273361859781332, 1.2009484892203983, 1.320535966860553, 1.1482356588625688, 2.340290672530939, 2.3141648956967367, 2.5752455357661534, 2.5094184267808615, 2.6368642725157696, 2.564040838983183, 2.575526272980783, 2.5058748335942904]; p2 = [0.23841776665008108, 0.018141791504642475, -1.5699076153350144, -1.7034484758075477, -0.12705253968163152, -0.5592875884091982, -0.977355648458217, 0.12089346694270721, 0.21916397997184514, -0.685168146246697, -0.0004242075247972062, 0.12835673279337942, -1.0005203444272306, -0.0567797477180118, 0.47485815246533786, -0.005764156892456894, -0.9222938621161555, 1.4005884852148007, 1.6060811605620882, 0.19169046660232075, -0.1005120247735809, 6.425489645511317, -0.15694794614791968, 0.017660986342668418, 0.7555459871896638]; p3 = [1.6762697622932006, -1.2027416327293272, -0.06858727132169437, 1.7431319879153593, 1.1085407754259464, 0.004703588420279431, -0.020402320491095874, -5.239937254068098, -0.08754055502610639, -0.49068993697699664, -0.012870438190746009, -1.855965082196464, 0.08300282220344878, 0.04069639519773974, 0.6952022861239493, -0.6194257095970419, 0.3186641928476796, -0.615046765983954, -0.8739180959829912, 1.9423268679821355, 0.7047371280045135, -1.1328547653126002, -0.603203279699003, -0.5696309396040581, 0.02811447874959943]; p4 = [-0.08002493945646194, 0.16610284251928975, -0.014899698607754386, 0.0014818673501154687, -0.5979052583836955, -2.362261167723185, -0.11655606959788174, 1.7230946236791864, -0.033377643659659485, 0.2520648348178012, -10.19425701868897, 3.0884502187846885, 2.0936436313774065, 0.013377998910195463, 0.0031140836962496856, 0.10210281203892496, -0.16608459101569917, 0.01386174279588825, -0.01472224619367535, 0.2448083361111357, -0.019699979344662708, 0.020395785350786726, 0.012070298539452101, 5.482910205387636, -0.5010531797326369]
  17  0.001392358612007596  f = (16.401984204154633 / #2) ^ ((#3 * 1.267581032441147) ^ ((16.456343609417335 / #2) ^ (17.04257395212376 / (#3 ^ #3)))); p1 = [2.1586031216933685, 2.5405754907256, 2.6236645485856944, 2.6309876832926493, 2.648808347030686, 2.6325493912044307, 2.644906912437987, 2.5900107928601357, 2.3798979783696232, 2.4213177113755666, 2.5238245988069288, 2.186924290320435, 1.2855558718808924, 2.35366384992905, 1.2007981270571089, 1.2959752183094526, 1.1646264560043567, 2.397712899947256, 2.37648409280283, 2.572060090505427, 2.5197472794087075, 2.615898291435151, 2.5645014216496125, 2.5740442963982813, 2.520360462752135]; p2 = [0.2871809514197008, -0.018290405987218723, -1.6087802122569204, 1.8821014355253016, -0.15044426833051858, -0.5467209625233505, -0.9023296306501447, 0.12737057807704724, 0.19332099024062954, 0.666722097384372, 0.00045457906462016397, -0.1324951394538645, -1.025090076110551, 0.057953407179137516, 0.47485815246533786, 0.00622091951153339, -0.9029829486553792, -1.3386817244281939, 1.6718723261776969, 0.2269540436097186, 0.11140788608343578, -5.848372837966086, 0.1545376129968383, -0.016638007958289496, -0.8310196689585351]; p3 = [-1.4408751407222213, -1.2027416327293272, -0.058456133289579014, 1.7431319879153593, 1.1085407754259464, -0.004049152068531904, 0.01829295748327996, -5.239937254068098, 0.09751878872670426, 0.437117408289069, -0.011515755577180419, 2.113663503658533, -0.0738916220904323, 0.03614559416546077, 0.6952022861239493, -0.6194257095970419, -0.33025415744356806, -0.6273195779457252, -0.8739180959829912, -1.808279996278665, -0.6717183955385749, -1.1328547653126002, 0.6357479316313884, 0.515317146061811, 0.02979895609487563]; p4 = [0.07822469685707333, -0.1760085908957496, 0.01635740357056512, 0.0014818673501154687, 0.6789295554373772, -2.362261167723185, -0.11655606959788174, -1.9851208055994145, 0.03702155920970586, 0.2520648348178012, 10.90326385145596, 3.0884502187846885, -2.2617421408846883, 0.013377998910195463, -0.003626167079197093, -0.09017682682515993, -0.18249056383616052, -0.015469336594247507, 0.014074269936455273, -0.24626735209101386, 0.018235173319784394, 0.02025017289558038, 0.012696369527272058, -5.0703611008577045, -0.5010531797326369]
  19  0.0013212940054359284  f = (16.387033737551608 / #2) ^ (((#3 * 1.3915897413888032) ^ ((16.41630693898284 / #2) ^ (15.487373943258255 / (#3 ^ #3)))) - 0.25581300627049597); p1 = [2.214664538583571, 2.552713388049415, 2.625502598972363, 2.632306802192581, 2.6476414887148687, 2.633138008388562, 2.6442908880546927, 2.5955810053791764, 2.4117154090496853, 2.4481813788453874, 2.538142570830071, 2.2397787883210123, 1.3343631630157806, 2.3887858222683525, 1.209557772864701, 1.34673239705541, 1.1512927877271597, 2.4282136024441936, 2.409527606162665, 2.5794311055297308, 2.534391774180602, 2.619064548823156, 2.573386790932817, 2.5807575601221404, 2.533775306119526]; p2 = [-0.2555115657112078, -0.018290405987218723, 1.57425183212396, 1.8821014355253016, -0.15044426833051858, 0.6040030930767144, -0.9023296306501447, 0.12737057807704724, -0.20370881485704923, -0.6494869472884726, -0.00044022105395384093, 0.13847561073825987, 0.915736904079274, 0.057953407179137516, 0.47485815246533786, -0.005739369922574738, 0.9151313183952394, -1.3386817244281939, -1.6453476007292924, 0.2269540436097186, 0.11140788608343578, -5.848372837966086, -0.16643056937825149, -0.016638007958289496, -0.8310196689585351]; p3 = [-1.4408751407222213, -1.2027416327293272, -0.058456133289579014, 1.7431319879153593, 1.1085407754259464, -0.004049152068531904, 0.01829295748327996, -5.239937254068098, 0.09751878872670426, -0.49068993697699664, 0.012952459557647303, 2.113663503658533, -0.0738916220904323, 0.03614559416546077, 0.6952022861239493, -0.6194257095970419, -0.33025415744356806, -0.6273195779457252, -0.8739180959829912, -1.808279996278665, -0.6717183955385749, -1.1328547653126002, -0.6830000887723336, 0.515317146061811, -0.030105019103581335]; p4 = [0.07822469685707333, -0.1760085908957496, 0.01635740357056512, 0.0014818673501154687, 0.6789295554373772, -2.362261167723185, -0.11655606959788174, -1.9851208055994145, -0.033377643659659485, 0.2520648348178012, 10.90326385145596, 3.0884502187846885, -2.2617421408846883, 0.013377998910195463, -0.003626167079197093, -0.09017682682515993, 0.18358599938996276, 0.01386174279588825, 0.014074269936455273, -0.24626735209101386, -0.019699979344662708, -0.018380536135134247, -0.011635212242173018, -5.0703611008577045, -0.5010531797326369]
  22  0.0012901022891462894  f = (16.38056996262301 / #2) ^ (((1.2824058685147204 * #3) ^ ((16.431672857782722 / #2) ^ ((16.431672857782722 / (#3 ^ #3)) - cos(#2)))) - 0.24985550718035615); p1 = [2.214385441788171, 2.551629385235761, 2.6238338177590474, 2.6304506330736133, 2.645424516469538, 2.63145517592455, 2.642313645727611, 2.5945300184343885, 2.4128418219100576, 2.4495014162254107, 2.5374629806331015, 2.2388696853676775, 1.335916168954194, 2.388538767654011, 1.213925960136631, 1.3510501533819348, 1.158580887162949, 2.4281219298030954, 2.409609372765029, 2.5776756264157448, 2.5335849976030183, 2.6174297963878863, 2.5720207189421123, 2.5797507753385966, 2.5329884884262563]; p2 = [0.2871809514197008, -0.018290405987218723, -1.6087802122569204, 1.8821014355253016, -0.15044426833051858, -0.5467209625233505, -0.9023296306501447, 0.12737057807704724, 0.19332099024062954, 0.666722097384372, 0.00045457906462016397, -0.1324951394538645, -1.025090076110551, 0.057953407179137516, 0.47485815246533786, 0.00622091951153339, -0.9029829486553792, -1.3386817244281939, 1.6718723261776969, 0.2269540436097186, 0.11140788608343578, -5.848372837966086, 0.1545376129968383, -0.016638007958289496, -0.8310196689585351]; p3 = [-1.4408751407222213, -1.2027416327293272, -0.058456133289579014, 1.7431319879153593, 1.1085407754259464, -0.004049152068531904, 0.01829295748327996, -5.239937254068098, 0.09751878872670426, 0.437117408289069, -0.011515755577180419, 2.113663503658533, -0.0738916220904323, 0.03614559416546077, 0.6952022861239493, -0.6194257095970419, -0.33025415744356806, -0.6273195779457252, -0.8739180959829912, -1.808279996278665, -0.6717183955385749, -1.1328547653126002, 0.6357479316313884, 0.515317146061811, 0.02979895609487563]; p4 = [0.07822469685707333, -0.1760085908957496, 0.01635740357056512, 0.0014818673501154687, 0.6789295554373772, -2.362261167723185, -0.11655606959788174, -1.9851208055994145, 0.03702155920970586, 0.2520648348178012, 10.90326385145596, 3.0884502187846885, -2.2617421408846883, 0.013377998910195463, -0.003626167079197093, -0.09017682682515993, -0.18249056383616052, -0.015469336594247507, 0.014074269936455273, -0.24626735209101386, 0.018235173319784394, 0.02025017289558038, 0.012696369527272058, -5.0703611008577045, -0.5010531797326369]
  24  0.001256194297635238  f = (16.38056996262301 / #2) ^ (((1.2824058685147204 * #3) ^ ((16.431672857782722 / #2) ^ ((16.431672857782722 / (#3 ^ #3)) - cos(#2 - 0.24985550718035615)))) - 0.24985550718035615); p1 = [2.214385441788171, 2.551629385235761, 2.6238338177590474, 2.6304506330736133, 2.645424516469538, 2.63145517592455, 2.642313645727611, 2.5945300184343885, 2.4128418219100576, 2.4495014162254107, 2.5374629806331015, 2.2388696853676775, 1.335916168954194, 2.388538767654011, 1.213925960136631, 1.3510501533819348, 1.158580887162949, 2.4281219298030954, 2.409609372765029, 2.5776756264157448, 2.5335849976030183, 2.6174297963878863, 2.5720207189421123, 2.5797507753385966, 2.5329884884262563]; p2 = [0.2871809514197008, -0.018290405987218723, -1.6087802122569204, 1.8821014355253016, -0.15044426833051858, -0.5467209625233505, -0.9023296306501447, 0.12737057807704724, 0.19332099024062954, 0.666722097384372, 0.00045457906462016397, -0.1324951394538645, -1.025090076110551, 0.057953407179137516, 0.47485815246533786, 0.00622091951153339, -0.9029829486553792, -1.3386817244281939, 1.6718723261776969, 0.2269540436097186, 0.11140788608343578, -5.848372837966086, 0.1545376129968383, -0.016638007958289496, -0.8310196689585351]; p3 = [-1.4408751407222213, -1.2027416327293272, -0.058456133289579014, 1.7431319879153593, 1.1085407754259464, -0.004049152068531904, 0.01829295748327996, -5.239937254068098, 0.09751878872670426, 0.437117408289069, -0.011515755577180419, 2.113663503658533, -0.0738916220904323, 0.03614559416546077, 0.6952022861239493, -0.6194257095970419, -0.33025415744356806, -0.6273195779457252, -0.8739180959829912, -1.808279996278665, -0.6717183955385749, -1.1328547653126002, 0.6357479316313884, 0.515317146061811, 0.02979895609487563]; p4 = [0.07822469685707333, -0.1760085908957496, 0.01635740357056512, 0.0014818673501154687, 0.6789295554373772, -2.362261167723185, -0.11655606959788174, -1.9851208055994145, 0.03702155920970586, 0.2520648348178012, 10.90326385145596, 3.0884502187846885, -2.2617421408846883, 0.013377998910195463, -0.003626167079197093, -0.09017682682515993, -0.18249056383616052, -0.015469336594247507, 0.014074269936455273, -0.24626735209101386, 0.018235173319784394, 0.02025017289558038, 0.012696369527272058, -5.0703611008577045, -0.5010531797326369]
  25  0.0012414423764445137  f = (16.38056996262301 / #2) ^ (((1.2824058685147204 * #3) ^ ((16.431672857782722 / #2) ^ ((16.431672857782722 / (#3 ^ #3)) - cos(#2 - cos(#2))))) - 0.24985550718035615); p1 = [2.214385441788171, 2.551629385235761, 2.6238338177590474, 2.6304506330736133, 2.645424516469538, 2.63145517592455, 2.642313645727611, 2.5945300184343885, 2.4128418219100576, 2.4495014162254107, 2.5374629806331015, 2.2388696853676775, 1.335916168954194, 2.388538767654011, 1.213925960136631, 1.3510501533819348, 1.158580887162949, 2.4281219298030954, 2.409609372765029, 2.5776756264157448, 2.5335849976030183, 2.6174297963878863, 2.5720207189421123, 2.5797507753385966, 2.5329884884262563]; p2 = [0.2871809514197008, -0.018290405987218723, -1.6087802122569204, 1.8821014355253016, -0.15044426833051858, -0.5467209625233505, -0.9023296306501447, 0.12737057807704724, 0.19332099024062954, 0.666722097384372, 0.00045457906462016397, -0.1324951394538645, -1.025090076110551, 0.057953407179137516, 0.47485815246533786, 0.00622091951153339, -0.9029829486553792, -1.3386817244281939, 1.6718723261776969, 0.2269540436097186, 0.11140788608343578, -5.848372837966086, 0.1545376129968383, -0.016638007958289496, -0.8310196689585351]; p3 = [-1.4408751407222213, -1.2027416327293272, -0.058456133289579014, 1.7431319879153593, 1.1085407754259464, -0.004049152068531904, 0.01829295748327996, -5.239937254068098, 0.09751878872670426, 0.437117408289069, -0.011515755577180419, 2.113663503658533, -0.0738916220904323, 0.03614559416546077, 0.6952022861239493, -0.6194257095970419, -0.33025415744356806, -0.6273195779457252, -0.8739180959829912, -1.808279996278665, -0.6717183955385749, -1.1328547653126002, 0.6357479316313884, 0.515317146061811, 0.02979895609487563]; p4 = [0.07822469685707333, -0.1760085908957496, 0.01635740357056512, 0.0014818673501154687, 0.6789295554373772, -2.362261167723185, -0.11655606959788174, -1.9851208055994145, 0.03702155920970586, 0.2520648348178012, 10.90326385145596, 3.0884502187846885, -2.2617421408846883, 0.013377998910195463, -0.003626167079197093, -0.09017682682515993, -0.18249056383616052, -0.015469336594247507, 0.014074269936455273, -0.24626735209101386, 0.018235173319784394, 0.02025017289558038, 0.012696369527272058, -5.0703611008577045, -0.5010531797326369]
  27  0.001230675279137191  f = (16.38056996262301 / #2) ^ (((1.2824058685147204 * #3) ^ ((16.431672857782722 / #2) ^ ((16.431672857782722 / (#3 ^ #3)) - cos(#2 - cos(#2 - 0.24985550718035615))))) - 0.24985550718035615); p1 = [2.214385441788171, 2.551629385235761, 2.6238338177590474, 2.6304506330736133, 2.645424516469538, 2.63145517592455, 2.642313645727611, 2.5945300184343885, 2.4128418219100576, 2.4495014162254107, 2.5374629806331015, 2.2388696853676775, 1.335916168954194, 2.388538767654011, 1.213925960136631, 1.3510501533819348, 1.158580887162949, 2.4281219298030954, 2.409609372765029, 2.5776756264157448, 2.5335849976030183, 2.6174297963878863, 2.5720207189421123, 2.5797507753385966, 2.5329884884262563]; p2 = [0.2871809514197008, -0.018290405987218723, -1.6087802122569204, 1.8821014355253016, -0.15044426833051858, -0.5467209625233505, -0.9023296306501447, 0.12737057807704724, 0.19332099024062954, 0.666722097384372, 0.00045457906462016397, -0.1324951394538645, -1.025090076110551, 0.057953407179137516, 0.47485815246533786, 0.00622091951153339, -0.9029829486553792, -1.3386817244281939, 1.6718723261776969, 0.2269540436097186, 0.11140788608343578, -5.848372837966086, 0.1545376129968383, -0.016638007958289496, -0.8310196689585351]; p3 = [-1.4408751407222213, -1.2027416327293272, -0.058456133289579014, 1.7431319879153593, 1.1085407754259464, -0.004049152068531904, 0.01829295748327996, -5.239937254068098, 0.09751878872670426, 0.437117408289069, -0.011515755577180419, 2.113663503658533, -0.0738916220904323, 0.03614559416546077, 0.6952022861239493, -0.6194257095970419, -0.33025415744356806, -0.6273195779457252, -0.8739180959829912, -1.808279996278665, -0.6717183955385749, -1.1328547653126002, 0.6357479316313884, 0.515317146061811, 0.02979895609487563]; p4 = [0.07822469685707333, -0.1760085908957496, 0.01635740357056512, 0.0014818673501154687, 0.6789295554373772, -2.362261167723185, -0.11655606959788174, -1.9851208055994145, 0.03702155920970586, 0.2520648348178012, 10.90326385145596, 3.0884502187846885, -2.2617421408846883, 0.013377998910195463, -0.003626167079197093, -0.09017682682515993, -0.18249056383616052, -0.015469336594247507, 0.014074269936455273, -0.24626735209101386, 0.018235173319784394, 0.02025017289558038, 0.012696369527272058, -5.0703611008577045, -0.5010531797326369]
  29  0.001230045323141585  f = (16.38056996262301 / #2) ^ (((#3 * 1.2824058685147204) ^ ((16.431672857782722 / #2) ^ ((16.431672857782722 / (#3 ^ #3)) - cos(cos((#3 / 16.431672857782722) - #2) - #2)))) - 0.24985550718035615); p1 = [2.214385441788171, 2.551629385235761, 2.6238338177590474, 2.6304506330736133, 2.645424516469538, 2.63145517592455, 2.642313645727611, 2.5945300184343885, 2.4128418219100576, 2.4495014162254107, 2.5374629806331015, 2.2388696853676775, 1.335916168954194, 2.388538767654011, 1.213925960136631, 1.3510501533819348, 1.158580887162949, 2.4281219298030954, 2.409609372765029, 2.5776756264157448, 2.5335849976030183, 2.6174297963878863, 2.5720207189421123, 2.5797507753385966, 2.5329884884262563]; p2 = [0.2871809514197008, -0.018290405987218723, -1.6087802122569204, 1.8821014355253016, -0.15044426833051858, -0.5467209625233505, -0.9023296306501447, 0.12737057807704724, 0.19332099024062954, 0.666722097384372, 0.00045457906462016397, -0.1324951394538645, -1.025090076110551, 0.057953407179137516, 0.47485815246533786, 0.00622091951153339, -0.9029829486553792, -1.3386817244281939, 1.6718723261776969, 0.2269540436097186, 0.11140788608343578, -5.848372837966086, 0.1545376129968383, -0.016638007958289496, -0.8310196689585351]; p3 = [1.487363211631378, 1.2430147557770719, -0.058456133289579014, -1.72487165408963, 1.1085407754259464, -0.004049152068531904, 0.01829295748327996, -5.239937254068098, 0.09751878872670426, 0.437117408289069, -0.011515755577180419, 2.113663503658533, 0.08120785488759061, 0.03614559416546077, -0.6820384058039481, -0.6194257095970419, -0.33025415744356806, -0.6273195779457252, -0.8739180959829912, -1.808279996278665, -0.6717183955385749, -1.1328547653126002, 0.6357479316313884, 0.515317146061811, 0.02979895609487563]; p4 = [0.07822469685707333, -0.1760085908957496, 0.01635740357056512, 0.0014818673501154687, 0.6789295554373772, -2.362261167723185, -0.11655606959788174, -1.9851208055994145, 0.03702155920970586, 0.2520648348178012, 10.90326385145596, 3.0884502187846885, -2.2617421408846883, 0.013377998910195463, -0.003626167079197093, -0.09017682682515993, -0.18249056383616052, -0.015469336594247507, 0.014074269936455273, -0.24626735209101386, 0.018235173319784394, 0.02025017289558038, 0.012696369527272058, -5.0703611008577045, -0.5010531797326369]
  30  0.0012223332107600881  f = (16.401478836144516 / #2) ^ (((#3 * 1.264777853464449) ^ ((16.445759076877973 / #2) ^ ((16.43374856220427 / (#3 ^ #3)) - cos((sqrt(sqrt(#3)) - cos(#2)) - cos(#2))))) - 0.26853657460900443); p1 = [2.215859852211068, 2.548649444899979, 2.6199748362822217, 2.6264844881975975, 2.641090434817719, 2.627313983600263, 2.63798234578844, 2.5907061826233204, 2.411769533078464, 2.4479930438910933, 2.5348115792742183, 2.2399949168857725, 1.3371079929591068, 2.3879887176916688, 1.2182824622063235, 1.3522252918318807, 1.165294450833275, 2.4269121872604953, 2.4085910665074177, 2.5741664149842216, 2.530767642665247, 2.613516921657715, 2.5686619114538223, 2.5762551305350843, 2.530011540345039]; p2 = [0.2871809514197008, -0.018290405987218723, -1.6087802122569204, 1.8821014355253016, -0.15044426833051858, -0.5467209625233505, -0.9023296306501447, 0.12737057807704724, 0.19332099024062954, 0.666722097384372, 0.00045457906462016397, -0.1324951394538645, -1.025090076110551, 0.057953407179137516, 0.47485815246533786, 0.00622091951153339, -0.9029829486553792, -1.3386817244281939, 1.6718723261776969, 0.2269540436097186, 0.11140788608343578, -5.848372837966086, 0.1545376129968383, -0.016638007958289496, -0.8310196689585351]; p3 = [-1.4408751407222213, -1.2027416327293272, -0.058456133289579014, 1.7431319879153593, 1.1085407754259464, -0.004049152068531904, 0.01829295748327996, -5.239937254068098, 0.09751878872670426, 0.437117408289069, -0.011515755577180419, 2.113663503658533, -0.0738916220904323, 0.03614559416546077, 0.6952022861239493, -0.6194257095970419, -0.33025415744356806, -0.6273195779457252, -0.8739180959829912, -1.808279996278665, -0.6717183955385749, -1.1328547653126002, 0.6357479316313884, 0.515317146061811, 0.02979895609487563]; p4 = [0.07822469685707333, -0.1760085908957496, 0.01635740357056512, 0.0014818673501154687, 0.6789295554373772, -2.362261167723185, -0.11655606959788174, -1.9851208055994145, 0.03702155920970586, 0.2520648348178012, 10.90326385145596, 3.0884502187846885, -2.2617421408846883, 0.013377998910195463, -0.003626167079197093, -0.09017682682515993, -0.18249056383616052, -0.015469336594247507, 0.014074269936455273, -0.24626735209101386, 0.018235173319784394, 0.02025017289558038, 0.012696369527272058, -5.0703611008577045, -0.5010531797326369]
