3.0035688829989446
2.870098969817775
2.807675047051884
2.9414265365143613
2.9070939295153946
2.956018079956192
2.601260799695601
2.8162517318084874
2.700445110179643
2.6236414718589955
2.602078822685235
2.8295069744581207
2.777924865828089
2.7423278881018827
3.273256669867199
2.8360059027849287
2.763475620198452
2.62047613703985
3.122102453005529
3.1859814088343583
3.1360933639287634
3.3537112902083965
3.164877347853955
3.225179050752232
3.2939328316734047
3.2608582624889264
2.9645018772029506
2.9652992586063576
3.173169965257095
3.611971821091953
2.983224879576463
3.1922606493500907
2.9863076304981737
3.307979212395816
3.060984290756771
3.1016123344719393
