3.5147263685499697
3.5274993606525973
3.5468031638072732
3.571868196298894
3.482521872041835
3.4743690887699166
3.4722286429390157
3.4761598538735923
3.4979863461703937
3.476134337389257
3.458666306555724
3.4459381382310172
3.537620679871052
3.507835967197195
3.4809143828618385
3.4572760291843823
3.4372897747679088
3.6260537295603683
3.6260537295603683
3.5147263685499697
3.5147263685499697
3.482521872041835
3.482521872041835
3.4979863461703937
3.4979863461703937
3.6604222487361056
3.6604222487361056
3.5274993606525973
3.5274993606525973
3.4743690887699166
3.4743690887699166
3.476134337389257
3.476134337389257
3.696711527159284
3.696711527159284
3.5468031638072732
3.5468031638072732
3.4722286429390157
3.4722286429390157
3.458666306555724
3.458666306555724
3.732665273261813
3.732665273261813
3.571868196298894
3.571868196298894
3.4761598538735923
3.4761598538735923
3.4459381382310172
3.4459381382310172
3.7660480572501775
3.7660480572501775
3.601695194379301
3.601695194379301
3.486053773814452
3.486053773814452
3.4382091494865668
3.4382091494865668
3.7947842993028678
3.7947842993028678
3.6350950497595655
3.6350950497595655
3.501636207246484
3.501636207246484
3.435636806713075
3.435636806713075
3.588595512069455
3.554603782965037
3.522298110489617
3.492076919950126
3.464312928773375
3.4393485497884
3.537620679871052
3.507835967197195
3.4809143828618385
3.4572760291843823
3.4372897747679088
3.4212674984280125
3.588595512069455
3.554603782965037
3.522298110489617
3.492076919950126
3.464312928773375
3.4393485497884
3.537620679871052
3.507835967197195
3.4809143828618385
3.4572760291843823
3.4372897747679088
3.4212674984280125
3.588595512069455
3.554603782965037
3.522298110489617
3.492076919950126
3.464312928773375
3.4393485497884
