0.6675103409755776
0.6675103409755776
0.6675103409755776
0.59756039290960816
0.59756039290960816
0.59756039290960816
0.56765286424256267
0.56765286424256267
0.56765286424256267
0.57231471182309779
0.57231471182309779
0.57231471182309779
0.5670198881117553
0.5670198881117553
0.5670198881117553
0.56912907769455134
0.56912907769455134
0.56912907769455134
0.5687678540318748
0.5687678540318748
0.5687678540318748
0.5851910289443143
0.5851910289443143
0.5851910289443143
0.63213331282787011
0.63213331282787011
0.63213331282787011
0.62662776864546743
0.62662776864546743
0.62662776864546743
0.60112335109909754
0.60112335109909754
0.60112335109909754
0.6804147291653011
0.6804147291653011
0.6804147291653011
0.84857815079033694
0.84857815079033694
0.84857815079033694
0.63607119462681005
0.63607119462681005
0.63607119462681005
0.86686374443237613
0.86686374443237613
0.86686374443237613
0.84432869467600713
0.84432869467600713
0.84432869467600713
0.87563438480746958
0.87563438480746958
0.87563438480746958
0.63762703807209109
0.63762703807209109
0.63762703807209109
0.63806482317554725
0.63806482317554725
0.63806482317554725
0.57943443854060239
0.57943443854060239
0.57943443854060239
0.59588854303288608
0.59588854303288608
0.59588854303288608
0.57820754144859121
0.57820754144859121
0.57820754144859121
0.58911703169179674
0.58911703169179674
0.58911703169179674
0.57125637822391095
0.57125637822391095
0.57125637822391095
0.58625834526797205
0.58625834526797205
0.58625834526797205
