2.192215261192525
2.1848179825342617
2.1630719275222048
2.1517412509197338
2.1425400434525144
2.1373233469305246
2.137611215587353
2.1446449009739283
2.1592767848425507
2.1819755818083602
2.1893891856167316
2.1811711438787511
2.1700454802728109
2.1571872757302564
2.1443307682596093
2.1332517445781791
2.1257484409705696
2.1232535301503077
2.1269066717777632
2.1374555440713223
2.1552499715004587
2.1803512794303108
2.188870020564019
2.180233833625091
2.168586045451093
2.1550629113870099
2.1413660299221373
2.1292252768771043
2.1203946325065397
2.1162411750312549
2.1178252928928236
2.1258074284971742
2.1404344002156304
2.1616493419707377
2.189351506632268
2.1805654157088421
2.1687268956389554
2.1549562664013817
2.1409406380216147
2.1283894927483606
2.1190359844241646
2.1142167061009354
2.11495427726758
2.1218659626627967
2.1351463126392707
2.1546766615779229
2.1900736638061407
2.1812073761550383
2.1692657323493121
2.1553598690848266
2.1411682152655565
2.1283880048848443
2.1187395202919621
2.1135405787009258
2.1137902220382676
2.1200782282295854
2.1325654197604833
2.1510926178303866
2.1913215381961924
2.1823848726634747
2.1703519532016582
2.1563253655407544
2.1419752148770099
2.1289869588390742
2.1190682341043088
2.1135184358962538
2.11331322385676
2.1190147022738115
2.1307493675042841
2.1483162957741713
2.1935694785347746
2.1845685192210782
2.1724514386028773
2.1583125013879285
2.1438134689352992
2.1306279506890755
2.1204505785460563
2.1145618065825742
2.1139129788084641
2.1190369689976691
2.1300235979744744
2.1466267589645698
2.1968443854820445
2.187795298178929
2.1756146210515546
2.1613899840501887
2.1467763052010453
2.1334374343333611
2.1230570646714217
2.1168997044892119
2.1158959954415857
2.1205535454620907
2.1309301110875065
2.1467395792766775
2.2011347220728377
2.1920508809974075
2.1798238913892458
2.1655363183847962
2.1508377303044051
2.1373843144289393
2.1268510222841717
2.1204895987809285
2.1192139500966869
2.1235109923584354
2.1334119581941628
2.2165878814364453
2.2074508600803733
2.1951522021265699
2.1807661354928705
2.1659331541887301
2.1522963636811459
2.1415154500054694
2.1348197970982508
2.1330936016315989
2.1367864177342955
2.1458809380458286
2.159995450840007
