-0.12533842711370363
-1.2654743203715937
-1.8787348857603952
-2.2757847529454418
-2.5600348171358052
-2.7766405918824519
-2.9488775822290472
-3.0901339860499846
-3.2087354193938475
-3.3101706468136634
-3.3982263819737071
-3.4756118787213324
-3.5443241570986324
-3.6058723276047222
-3.661421103803137
-3.7118858248713251
-3.7579972477363977
-3.8003468636799678
-3.8394193053699475
-3.8756159803575616
-1.6263287313852401
-2.5761877890896829
-3.0389258975047126
-3.3263236187675411
-3.5271013649133582
-3.6775740757570148
-3.7957627715560456
-3.8917689523114394
-3.9717557374494556
-4.0397264010681981
-4.0984099160136571
-4.1497394360728759
-4.1951279410427809
-4.235635454398424
-4.272074902939563
-4.3050815759526362
-4.3351601126713231
-4.3627171364264674
-4.3880844465231146
-4.4115358363616384
-2.4414174171623757
-3.2270925771281433
-3.5971415063459027
-3.8234256686798442
-3.9800042331494705
-4.0965695002249589
-4.1876655191588625
-4.2613698744255837
-4.3225763611074655
-4.3744460332055244
-4.4191238481740065
-4.4581233788437871
-4.4925472516166716
-4.5232202670959385
-4.5507733449157017
-4.5756984155192493
-4.5983854410254299
-4.6191480578727697
-4.638241755800931
-4.6558770316624294
-3.3748331352555141
-3.9464958473073972
-4.2075087841844123
-4.3647441603370964
-4.4725225331663614
-4.5522228781994061
-4.6141922132429478
-4.6641273963473715
-4.7054567656726407
-4.7403828459022019
-4.7703934814655335
-4.7965345631756975
-4.8195655082007249
-4.8400527470522992
-4.8584284544204417
-4.8750288265564086
-4.8901198209101153
-4.9039149377119005
-4.9165877958251647
-4.9282812124590576
-4.1597180192122298
-4.545954192554353
-4.7184524597011963
-4.8212251911626618
-4.8911744656236547
-4.9426382612075619
-4.9824968585455833
-5.0145146475216285
-5.0409459063098323
-5.0632331095455649
-5.0823474207607919
-5.0989695779036834
-5.11359263618884
-5.1265835499999586
-5.1382217532907806
-5.1487242426037696
-5.1582624072860064
-5.1669736332943961
-5.1749694951755023
-5.1823416609497155
-4.6967582382958151
-4.9735327907736622
-5.0956297401378352
-5.1679172892419993
-5.2169172228724943
-5.2528616380313595
-5.2806371752896473
-5.3029079794138392
-5.3212650037453679
-5.3367239494920042
-5.3499673383991766
-5.3614727977218015
-5.3715857745629814
-5.3805630410703609
-5.3885999070500947
-5.3958478875015965
-5.4024265423294962
-5.4084316301306563
-5.4139408586143647
-5.4190180256535427
