-0.10523442648051429
-0.082751052260952918
-0.01830621594773163
-0.53939433450666918
-0.53939433448648588
-0.53939433448648588
-0.53939433440450957
-0.53939433439218232
-0.53939433438171414
-0.5393943343727271
-0.53939433434207096
-0.53939433431941353
-0.5393943342862404
-0.010170164992258965
-0.0091858550448936718
-0.0068487691940386577
-0.18447171948327706
-0.18445485799231168
-0.18445485799231168
-0.18444013707181861
-0.18440725808003036
-0.18439595309622012
-0.18439595309622012
-0.18434468326069531
-0.18433595702449451
-0.18432825693043162
-0.18432140485110343
-0.18429589873516333
-0.1842739834946984
-0.18423172928991075
-0.38594228408965442
-0.38582315734567463
-0.38555988328683349
-0.38548751158809164
-0.38548751158809164
-0.38548751158809164
-0.38533576637107264
-0.3853158077135439
-0.38513353815692641
-0.38503598768878433
-0.38489169902014975
-0.38489169902014975
-0.38472159556434071
-0.38462512071032567
-0.38462512071032567
-0.38453927126351634
-0.38434140287008561
-0.38427118158240381
-0.38427118158240381
-0.38393540092717132
-0.38387488157032612
-0.38382050341922647
-0.38377128803929894
-0.38358025357123826
-0.38340394872983807
-0.38301429219678579
0.0038874896320339469
0.0044889439044050738
0.0058948796557240571
-0.42503192551904323
-0.42503192104999482
-0.42503191696519349
-0.42503191321769856
-0.4250319108869301
-0.42503191009675229
-0.42503190969064958
-0.42503189302038413
-0.42503189302038413
-0.42503188143861542
-0.42503187915642099
-0.42503187015030286
-0.42503186280721383
-0.42503186054557601
-0.4250318558421684
-0.42503185462037801
-0.42503185462037801
-0.42503185462037801
-0.42503185215811795
-0.42503185184428705
-0.42503184908597452
-0.42503184768939495
-0.42503184572531716
-0.42503184572531716
-0.42503184356517865
-0.42503184241449632
-0.42503184241449632
-0.42503184143569755
-0.42503183934091415
-0.42503183865127214
-0.42503183865127214
-0.42503183573863551
-0.42503183528068766
-0.42503183488644986
-0.42503183454363469
-0.4250318333375725
-0.42503183239720549
-0.42503183088179292
-0.55266863309896519
-0.55374352096883739
-0.55622836993334235
-0.55693987263730071
-0.55693987263730071
-0.55693987263730071
-0.55847502748386479
-0.55868150266958827
-0.56061950423615281
-0.56169784505071163
-0.56335006974473778
-0.56335006974473778
-0.56539362035155105
-0.56660303881845508
-0.56660303881845508
-0.56771254333035648
-0.57040093620705301
-0.57140321262236116
-0.57140321262236116
-0.57661002820536422
-0.57763247165236331
-0.57857643417226279
-0.5794526168494506
-0.58307324730117038
-0.58411748436869027
-0.58678199901490924
-0.5967877052383721
-0.42879642474078528
-0.42879642427212178
-0.42879642355793507
