2.1605763315138842
2.145282911050665
2.1192419890225191
2.109046284025351
2.1014740065428699
2.0972936013091834
2.0973747815860206
2.1028789868728772
2.1152840382450924
2.1364613328593842
2.1586097649232885
2.1426351750100943
2.1279995423161839
2.1146505066555914
2.1030658973199996
2.0937212962144467
2.0872961385592914
2.0845259866553656
2.0864001845803939
2.0941891503422969
2.1094974248336986
2.1343697850200773
2.1577851055803414
2.1412996385796665
2.1260244865308859
2.1118571604803957
2.0992308728909865
2.0885570290681295
2.080448307096872
2.0755396560573742
2.0746913484610316
2.0790182500152006
2.0899247594144339
2.1091996310900196
2.1579359482451701
2.1412068101078532
2.1256266289005445
2.1110690059385355
2.0979458729623532
2.0866380252044303
2.0777262998482744
2.0717976568619041
2.0696508059737151
2.0723264196911462
2.0811334356319287
2.0977384941152843
2.1584153343758272
2.1415325185293335
2.1257599625378769
2.1109561884063548
2.097519706619531
2.0858120073498831
2.0763938464661016
2.0698219183211588
2.0668561064304161
2.0684902913785699
2.0759732057061173
2.0908944752066407
2.159412334389704
2.1423751290358841
2.126409307226595
2.1113582418126065
2.0976069598588936
2.0854975570615868
2.075570614962746
2.0683524221172549
2.0645638559937689
2.0651517885253226
2.071304468319755
2.0845341499322703
2.161416537316216
2.1442158423930673
2.1280453632474696
2.1127324306511222
2.0986477935063674
2.0861130098792855
2.0756472978654852
2.0677447480361866
2.0630849327099239
2.0625649443732654
2.0673089826434636
2.0787473704039381
2.164538397551516
2.1471953682622349
2.1308467140051768
2.1153057992839459
2.1009309424021865
2.0880258213216556
2.0770910550761288
2.0685927026038962
2.0631743758721091
2.0616898292755641
2.0652075012443394
2.0750863847744636
2.1687904395328976
2.1513296617288491
2.1348336090934996
2.1191040922986586
2.1044891462246875
2.0912776572142513
2.0799548579122535
2.0709636176139363
2.064917799476794
2.0626353057252889
2.065138445403111
2.184645991006799
2.1669684774686679
2.1502011135918586
2.1341244432982727
2.1190675731166215
2.1052921629533894
2.0932551242445609
2.0833566418887277
2.0761558214091855
2.0724045731453087
2.0730402973294835
2.079254362479884
