1.9732747309956993
1.0265800092972541
1.5071938602771076
1.7922684989158491
0.87140257048310332
1.3596553908619624
1.7900743757859052
1.218622769098977
1.5493842455784788
2.1840316267563464
1.0980781356370257
1.685798108579464
1.8967318439637701
0.85472017119731758
1.3703093784534348
1.782383037463489
0.73749881706952192
1.318935621000296
1.6042092260132101
0.99770123789389964
1.3218737954771158
1.9042065942507835
0.91861959027891571
1.5102688505085475
1.7171208431467486
1.753532989850362
1.2738189386958143
1.8617251751711217
2.1864303753746794
1.2500846366330778
1.6560942321066356
2.046224454211989
1.3292370137204306
2.0063962584036976
0.93606167553876041
1.4939181641666863
1.6720094050791403
0.59455065902778181
1.2035808664754908
1.9041546101286131
0.68057869341573596
1.3573607289455394
