-0.49679556376128486
-1.4659272640956977
-2.0212203601205925
-2.387305991146472
-2.6517144507574408
-2.8543070643500137
-3.0160311471913754
-3.1490692731290117
-3.2610514294890276
-3.3570329201474491
-3.4405143669737042
-3.5140075741808721
-3.5793683384948345
-3.6380017709493515
-3.6909941125597836
-3.7392002596879363
-3.7833035844047886
-3.8238578567253088
-3.861317275314919
-3.8960584004467096
-1.8317630127163755
-2.7072149187956107
-3.1410825665870052
-3.4125333881856195
-3.6031084117978889
-3.7464945805979535
-3.8594943885005528
-3.9515588684848795
-4.0284694402021808
-4.0939895378742746
-4.1506894007437829
-4.2003927473653864
-4.2444345763313223
-4.2838178062392283
-4.3193125762586781
-4.3515214823459401
-4.380923757921293
-4.4079059906944336
-4.4327839733416798
-4.4558185636430832
-2.5980396192205171
-3.3347308309017678
-3.6857289175418662
-3.9018229072638944
-4.0521438781895558
-4.1645562056672443
-4.2527579208794899
-4.3243786272214253
-4.3840521379130024
-4.434778202504539
-4.4785964580115962
-4.5169488817094177
-4.5508878138124373
-4.5812017682785093
-4.6084948785759838
-4.6332389156470581
-4.6558084142532206
-4.6765050323421367
-4.6955748400037969
-4.7132208430599576
-3.4731177424826285
-4.0177984091035865
-4.2694207133030471
-4.4222904915030545
-4.5278084869437842
-4.6063061310447795
-4.6676642593735203
-4.7173428874867742
-4.758638654017771
-4.7936758922817031
-4.8238936689757255
-4.8503062550774798
-4.8736519394522455
-4.8944826895341276
-4.9132205870549273
-4.9301946772160328
-4.9456657914807396
-4.9598437246892297
-4.972899403109297
-4.9849736834445748
-4.1743429991019614
-4.5494370859410616
-4.7196136931041099
-4.822173782396292
-4.8926276598692118
-4.944870240668422
-4.9856088601074422
-5.0185323835638123
-5.0458601534168874
-5.0690183030452154
-5.0889707307669072
-5.106395519212831
-5.1217854536798555
-5.1355084462547858
-5.1478454946110368
-5.1590154248060109
-5.169191534012576
-5.1785130919129463
-5.1870934785213167
-5.1950260625784086
-4.5849222957596147
-4.8590520481208284
-4.9823881540458776
-5.0564378670913106
-5.10719088195005
-5.1447665842980808
-5.1740345373908525
-5.1976669569217027
-5.2172688474672491
-5.233870211000319
-5.2481664578752252
-5.2606463550404206
-5.2716648340140253
-5.2814867105449981
-5.2903141242442668
-5.2983044103010073
-5.3055821120427282
-5.312247277324901
-5.3183813253531538
-5.324051282462257
