-0.10524930561019374
-0.082769704390976528
-0.018337726203132121
-0.53925026717686919
-0.53925026717686919
-0.53925026717686919
-0.53925026717686919
-0.53925026717686919
-0.53925026717686919
-0.53925026717686919
-0.53925026717686919
-0.53925026717686919
-0.53925026717686919
-0.013891134956943964
-0.013423366919784975
-0.012446595377071575
-0.18673557641105762
-0.1867355734817501
-0.1867355734817501
-0.18673557128974097
-0.18673556747012227
-0.18673556645730671
-0.18673556645730671
-0.18673556337799763
-0.18673556305409125
-0.18673556280661288
-0.18673556261409027
-0.18673556209273554
-0.18673556183713499
-0.18673556164770169
-0.38867948819224968
-0.38865317864662097
-0.3885984858060445
-0.38858428653351623
-0.38858428653351623
-0.38858428653351623
-0.3885556862841229
-0.38855204275781846
-0.38852004072122825
-0.38850385517272734
-0.38848111797838386
-0.38848111797838386
-0.38845615341130596
-0.38844287726538146
-0.38844287726538146
-0.38843159866423876
-0.3884075140918819
-0.38839960386139805
-0.38839960386139805
-0.38836633356562872
-0.38836112811463197
-0.38835665388372353
-0.38835276902720695
-0.38833915186416207
-0.38832860360312116
-0.38831181186027236
0.00057570493348760711
0.00079228556857794991
0.0012235143979003422
-0.45555340726614446
-0.45611912079046846
-0.45666173245263764
-0.45718305508053447
-0.4575195775879024
-0.45763592466437331
-0.45769617798597295
-0.46048550498563401
-0.46048550498563401
-0.46290873631612328
-0.46345128715866934
-0.465874399837233
-0.46829741557441196
-0.4691550959260411
-0.47116401265179775
-0.47174609844143589
-0.47174609844143589
-0.47174609844143589
-0.47301264028604351
-0.47318410684041368
-0.47480666084965861
-0.47571991942304948
-0.47713399144538471
-0.47713399144538471
-0.47890827558531157
-0.47997180960596353
-0.47997180960596353
-0.4809564716553183
-0.48337888400462958
-0.48429553137503234
-0.48429553137503234
-0.48918093177717026
-0.49016544406995877
-0.49108198869626563
-0.49193934637457915
-0.49555169831675983
-0.49937301589840644
-0.5103525501161954
-0.5521994532369815
-0.5532368054871023
-0.55562992288594837
-0.55631385188780458
-0.55631385188780458
-0.55631385188780458
-0.55778747428727837
-0.55798545785065212
-0.55984121000050213
-0.56087175554666824
-0.56244785620524351
-0.56244785620524351
-0.56439227641007261
-0.56554036159223275
-0.56554036159223275
-0.56659181289501948
-0.56913224515694461
-0.57007664469470387
-0.57007664469470387
-0.57495785451432868
-0.57591124703670038
-0.57678990912567552
-0.57760412783360027
-0.58095448235780522
-0.58191638261228451
-0.58436154692207232
-0.59341561548662958
-0.42405742243924688
-0.42405587268106576
-0.42405370986282398
