2.1728947869303039
2.1664949495917858
2.1464657477456108
2.1357121978086342
2.1267961434215787
2.1215206975477234
2.1214024598147128
2.1277457514912892
2.1415711221537541
2.1636639613365025
2.1720029411309079
2.1651333192096467
2.155312521280023
2.1436623104476391
2.131812104189176
2.1214388175091874
2.1142469472087737
2.1116093503127473
2.114645003629223
2.1241503125311945
2.1406280839148084
2.1644469187523674
2.1724403278355173
2.1653725560348773
2.15528295080362
2.1432608523388277
2.1308997755137646
2.1198246473854732
2.1116784823615831
2.1077438302342761
2.1090186888849587
2.1161457248599866
2.1294262973809297
2.1489687212315451
2.1732406466967999
2.1661109733338408
2.1559353332388325
2.1437912991070225
2.1312586098972361
2.1199419281517442
2.1114592661023912
2.1070560612839846
2.1076792607388466
2.113904508855168
2.1259429640060419
2.1437830247710745
2.1741179393366425
2.1669576078273294
2.1567387759389107
2.1445326941888982
2.1319114860800945
2.1204685020933782
2.111807483729391
2.10715252902911
2.1074207947004959
2.1131481177954101
2.12449127399077
2.1413652121461704
2.1754826135003245
2.1682970016094614
2.1580421634446072
2.1457837898847307
2.1330871593196119
2.1215353701165252
2.1127190040859789
2.1078423512592477
2.1077945854164457
2.1130736232156289
2.1237838045265267
2.1397683526408797
2.1778035871635955
2.1705963858028152
2.1603104328516367
2.1480063352365839
2.1352429685585568
2.1235937525071038
2.1146366177218385
2.1095566660106408
2.1092156153239587
2.1140736180628643
2.1241821097391282
2.1393109563857924
2.1810859112803054
2.1738636213065923
2.1635556590585256
2.1512188269198069
2.1384071021789017
2.1266864281402085
2.1176247867226143
2.112392066365357
2.1118279345616702
2.1163617611750238
2.1260012886074966
2.1404549662679635
2.1853252428897667
2.1780927065897848
2.1677696362831114
2.1554100907160771
2.1425644471220466
2.1307931051114259
2.1216565541089754
2.1163131371446124
2.1155855950171705
2.11987935755687
2.1291677877843727
2.2004426782066426
2.1931956893660285
2.1828510034812028
2.1704584952591746
2.157562917070933
2.1457159012076468
2.1364658456507097
2.1309522601093653
2.1299698482658713
2.1338836946584463
2.142608309762374
2.1557181354853854
