1.9512694557132935
1.0050616274422635
1.5059755883014307
1.7748589365720508
0.85380315867736389
1.3543510964578465
1.7863605632765447
1.2120787306088983
1.5491322660774265
2.1811501353967033
1.0943415485375783
1.6788287123295123
1.8859381573939844
0.83572883886616389
1.374581422204034
1.7632799386580424
0.72219697142211403
1.3224023363593109
1.6059435421522776
0.98984301914991291
1.3211689133052436
1.8982168484909576
0.90796507572216645
1.5130983864057446
1.7180716590334715
1.7476911899238858
1.276043248884672
1.8536110934761083
2.1847490918183983
1.2401493255673117
1.6522862447669908
2.0368495490566891
1.3262379887866032
1.9798933014880478
0.92394523358227743
1.4925788808486848
1.6697558116690912
0.60274590363189529
1.2023430569561702
1.9033685614876701
0.67002769907662141
1.3441633564517932
