-0.12472027605819463
-1.2686070349035163
-1.8814329130654324
-2.2778136678996637
-2.5614984125096787
-2.7776597123708964
-2.9495504093157745
-3.0905357433307441
-3.2089233968186526
-3.3101888308377418
-3.3981089508436533
-3.4753857233318093
-3.5440106874770931
-3.605488776539171
-3.6609814786484391
-3.7114016116997495
-3.7574779392294237
-3.799800359945686
-3.8388522219597969
-3.8750338876426667
-1.6291573472410421
-2.5774745719753338
-3.0392782163445102
-3.326164990303397
-3.5266523505689449
-3.6769576381140943
-3.7950521520338225
-3.8910100471083218
-3.9709784129672387
-4.0389506361408065
-4.097649337065822
-4.1490034519178716
-4.1944230842790553
-4.2349662527131668
-4.2714444611554185
-4.3044919742009666
-4.3346126844455428
-4.3622126661781948
-4.3876233122626926
-4.4111181139287288
-2.4427923228958899
-3.2269099018074043
-3.5964061227642889
-3.8224845189451799
-3.9790022722255194
-4.0955754126787296
-4.1867142055891096
-4.260479581545372
-4.3217564992009789
-4.373701078425527
-4.4184554255290136
-4.4575314325011783
-4.4920307289288868
-4.5227775307199911
-4.5504024268270573
-4.5753971761014105
-4.5981516696273399
-4.6189795365081867
-4.6381362992256809
-4.6558325121120827
-3.3739199533171931
-3.9449503438344142
-4.2059711608190407
-4.3633445617923421
-4.4712896468552854
-4.5511572631909329
-4.6132857604205961
-4.6633696034149876
-4.7048369588116987
-4.73989097225886
-4.7700203553535401
-4.7962718962471875
-4.8194058561069752
-4.8399894279954188
-4.8584554629912464
-4.8751407523947607
-4.8903117755996313
-4.9041824906127705
-4.9169269184073121
-4.9286882302637105
-4.157066182066659
-4.5435965515505154
-4.7164818474476435
-4.81958682181281
-4.8898144849605627
-4.9415140363158345
-4.9815752767579315
-5.0137696912694878
-5.0403567778752842
-5.0627828968346957
-5.0820221552964586
-5.09875756182476
-5.1134839530880702
-5.1265697028997206
-5.1382953920214689
-5.1488789551756593
-5.15849255786169
-5.1672742346544354
-5.1753361071012369
-5.1827703083494265
-4.6926851011290784
-4.9701743905772098
-5.0927844577477499
-5.165451084267584
-5.2147458530070816
-5.2509286654713145
-5.2789026144616553
-5.301342234049562
-5.3198454026084105
-5.3354326431850287
-5.3487899562772023
-5.3603975535111825
-5.3706028495762341
-5.3796641460954522
-5.3877779632050933
-5.3950967886252439
-5.4017409746847367
-5.4078069332971044
-5.4133729165587452
-5.4185031803014825
