-0.12165814237533876
-0.10278995304283499
-0.049628003696952361
-0.55116450941047668
-0.5516207651762236
-0.5516207651762236
-0.55408303131104253
-0.55458532984571152
-0.55505475047081776
-0.55549541451399564
-0.55736834060379437
-0.55937748557153189
-0.56530123309256997
-0.013814522004850947
-0.013288320898202984
-0.012506480332171615
-0.20162302090397474
-0.20288413834767247
-0.20288413834767247
-0.20407142183261021
-0.20707175472723588
-0.20823614876070848
-0.20823614876070848
-0.2147042306715865
-0.21606004644831511
-0.21733772084036057
-0.21854626940999405
-0.2237780909844396
-0.22955248512546356
-0.24744506720650611
-0.40300922158543317
-0.40368837856846523
-0.40530467414660659
-0.40577959727094376
-0.40577959727094376
-0.40577959727094376
-0.40682306760761583
-0.4069653901968226
-0.40832448775802677
-0.40909917165955167
-0.41031228711392503
-0.41031228711392503
-0.41185748495489866
-0.41279582430452144
-0.41279582430452144
-0.41367257182143541
-0.41586172956320194
-0.41670189406232389
-0.41670189406232389
-0.42128587417986435
-0.42223082819355123
-0.42311679594448337
-0.42395096001129179
-0.42752206088728389
-0.43139661512049993
-0.44305405174833828
-0.004721824554234073
-0.0054030795293039955
-0.0079763172152028002
-0.4729762471531237
-0.4740405401367106
-0.47506030658569171
-0.47603909200565087
-0.47667041350928147
-0.4768885915839482
-0.47700156241123609
-0.48221793390028378
-0.48221793390028378
-0.48672895287993434
-0.48773639180961459
-0.49222463948308876
-0.49669498268176826
-0.49827322063652235
-0.5019615949369155
-0.50302816768840075
-0.50302816768840075
-0.50302816768840075
-0.50534562260887128
-0.50565902231052884
-0.5086206817601634
-0.51028452616833997
-0.51285640570889268
-0.51285640570889268
-0.51607600790842911
-0.51800199048627493
-0.51800199048627493
-0.51978257302680264
-0.52415272097846188
-0.52580261845211473
-0.52580261845211473
-0.5345619638153436
-0.53632038084309674
-0.5379554043340592
-0.53948311600830501
-0.54590187413929747
-0.55266103532339883
-0.57191449612338674
-0.55026958746789867
-0.55122552138102388
-0.55344720979777051
-0.55408646739855749
-0.55408646739855749
-0.55408646739855749
-0.55547056843586573
-0.55565723620771779
-0.55741531124327826
-0.55839829705762467
-0.55991116888191761
-0.55991116888191761
-0.56179391600407536
-0.56291432546862241
-0.56291432546862241
-0.56394628355188936
-0.56646346536328118
-0.56740809221729527
-0.56740809221729527
-0.57237168961433016
-0.57335783157664333
-0.57427172946771088
-0.57512300963444785
-0.57867217765169199
-0.5797054549661278
-0.58236225953317089
-0.59261638925800775
-0.47299495609113701
-0.47963987399607771
-0.49931029988173703
