2.1603835103795275
2.1451011412270793
2.1190793419726432
2.1088913684378747
2.1013251214036242
2.0971485382798165
2.097230771151958
2.1027325073635521
2.1151306064388629
2.1362952495429535
2.1584171053103978
2.1424540092476336
2.127828983287682
2.1144897264727938
2.1029137509378555
2.093576331717216
2.0871564545344237
2.0843892076687891
2.0862632948483664
2.0940483072748592
2.1093477432194332
2.1342050513936437
2.1575907495085502
2.1411171082630487
2.1258529784288065
2.1116959628479064
2.0990789858128411
2.0884131874524101
2.080310839725378
2.0754064830564127
2.0745598334619766
2.0788850309018567
2.0897855614767926
2.1090490176959253
2.1577392619539273
2.1410221078791505
2.1254531470566005
2.1109060881308408
2.0977925884976836
2.0864931980995269
2.0775883686798782
2.0716646827286502
2.0695203334751908
2.0721953158809319
2.0809977169885929
2.0975930945298957
2.1582161044182246
2.1413453724750386
2.1255841618496811
2.1107911116729938
2.0973644668044966
2.085665484668672
2.0762545487405655
2.0696879955578975
2.066725217361451
2.0683594475895211
2.0758386073214057
2.0907512897977005
2.1592091083739877
2.1421840872266822
2.1262297363437175
2.1111895555438531
2.0974483150266789
2.0853478903404636
2.0754285037404037
2.0682161057200577
2.0644311078148068
2.0650197653516922
2.0711695547723332
2.0843917483452072
2.161206428665964
2.1440180241646312
2.1278591489063814
2.1125572710530642
2.0984828919178211
2.0859573627616812
2.0754995562727157
2.0676032458790856
2.0629475648010311
2.062429021259653
2.0671710843170961
2.0786031477991203
2.1643184479307003
2.1469878015345016
2.1306508669209414
2.1151211550573281
2.1007567447339697
2.0878611187238536
2.0769345627365867
2.068442836778889
2.0630291370822058
2.0615466619315987
2.0650631554287595
2.0749367278533972
2.1685576824686601
2.151109364056115
2.1346251268254992
2.1189069354185763
2.1043025918832683
2.0911007969832345
2.0797864600353835
2.0708021664691487
2.0647613830334146
2.0624814791352155
2.0649840994590245
2.1843672174375728
2.1667023040990188
2.149946931891431
2.1338818125231693
2.1188358319878078
2.1050704823011954
2.0930423699709397
2.0831514237608677
2.0759563883604009
2.0722086841648504
2.072845102210632
2.0790562372012502
