2.034605911750174
1.0934328124524921
1.5057920871000061
1.8385352169443026
0.93114733590539056
1.351605009766587
1.7892546285621846
1.2340397612836496
1.5497692677280017
2.1976791886087006
1.1370928460650553
1.6803077919993312
1.9171533220444732
0.92510509029442323
1.3669022498419152
1.7719683241669859
0.79894646701789429
1.2866052263580681
1.5996610950207437
1.0255010330590426
1.3106155185357309
1.9217162627411895
0.97163288349152455
1.4940335486375307
1.7116850186275161
1.7655673939100358
1.2632372775784473
1.8623084051556136
2.2029490817003325
1.255799964105963
1.6495328291814406
2.076926573426161
1.3085728560271692
2.093336849614249
0.98553698664940392
1.490163826424256
1.6737317914124459
0.58063841164540608
1.1986606304383634
1.9043299233807076
0.66541502330166213
1.3581703863835106
