-0.42329399156170761
-1.5336454068769507
-2.1027897730584946
-2.467618107098601
-2.7283999180581304
-2.9273809410225384
-3.0859839022261149
-3.216427504803177
-3.326275708707211
-3.4205034489007562
-3.5025393980678059
-3.5748361433337719
-3.6392021236449477
-3.6970048995993348
-3.7493009369937029
-3.7969214285322246
-3.8405307673761326
-3.8806674288573464
-3.9177732035236694
-3.9522145188947415
-1.8991148317936368
-2.7727533813030258
-3.1985285101094867
-3.4648569121456516
-3.6522699260376359
-3.7936544002385988
-3.9053570495903824
-3.9965679821396369
-4.0729133852548243
-4.1380606326609399
-4.194518423296441
-4.2440698744311671
-4.2880225296603856
-4.3273603567631023
-4.3628401892639292
-4.3950551494081536
-4.424477648805901
-4.4514893196695171
-4.4764023319020856
-4.4994748843089782
-2.657375174886726
-3.3807444687545618
-3.7258031527642266
-3.9392262344208757
-4.0882758158528896
-4.2000785459770729
-4.2880054434720352
-4.3595268898956281
-4.4191936904896094
-4.4699601658034798
-4.5138402596277487
-4.5522611387857506
-4.5862665644210185
-4.6166401432073485
-4.6439833105393644
-4.6687664866767715
-4.6913636824284239
-4.7120765376260758
-4.7311514092401019
-4.7487917678769191
-3.5048412551094907
-4.0419443032385161
-4.292128817585275
-4.4448127501812209
-4.5504386429966246
-4.6290840975470484
-4.6905556359464633
-4.740293972711541
-4.7815947410908279
-4.8165872363954136
-4.8467170144268694
-4.8730047417266436
-4.8961944604610892
-4.9168431184541692
-4.9353770339077538
-4.9521288279241213
-4.9673623420603779
-4.981289904854223
-4.994084578304185
-5.005889023360198
-4.1839961304152036
-4.5583469346411558
-4.7288314071584479
-4.8314322862468346
-4.9016663214796221
-4.9535081262740102
-4.9937262901470358
-5.0260510800633931
-5.0527294608833273
-5.0752061862105027
-5.094457893242943
-5.1111715026329962
-5.1258460020851269
-5.1388536926161832
-5.1504786920553798
-5.1609420457308612
-5.1704186221774115
-5.1790487913684018
-5.1869466880005843
-5.1942061800926496
-4.5808263118477823
-4.8553158594019212
-4.9780573430078032
-5.0510118473057668
-5.1004547665730202
-5.1366364276068106
-5.1644891775915776
-5.1867166301832519
-5.2049397319510149
-5.220196389630325
-5.2331855711736113
-5.2443971906960245
-5.2541859771154149
-5.2628157941015914
-5.2704874277971854
-5.2773566636716724
-5.2835464209088823
-5.289155120983037
-5.2942625965801975
-5.2989343510205451
