-0.110928467313755
-0.094878895182547635
-0.061808571995246253
-0.55090332094935768
-0.5511571511259109
-0.5511571511259109
-0.55238744128814887
-0.55260888406479014
-0.55280676388126082
-0.5529845950886928
-0.55365656431255639
-0.55423404611229876
-0.55521288320187467
-0.0080862367302763586
-0.0044021860879074615
0.0055546897531050278
-0.23095786310790981
-0.23346591673388281
-0.23346591673388281
-0.23564495952164874
-0.24041012496379105
-0.24199100891364075
-0.24199100891364075
-0.24839621909628368
-0.249290618958564
-0.250010344621095
-0.25058790934786035
-0.2520721135281162
-0.25216921430086453
-0.24657166143027306
-0.40543468673288735
-0.4051361648523385
-0.4044356704922637
-0.40423300500272763
-0.40423300500272763
-0.40423300500272763
-0.40379360522498592
-0.40373434487390475
-0.40317733322558547
-0.40286755258491619
-0.40239468753141466
-0.40239468753141466
-0.40181554622303134
-0.40147726321608856
-0.40147726321608856
-0.40117071246734098
-0.40044683182992219
-0.40018512474989387
-0.40018512474989387
-0.39891674021914014
-0.39868846083866677
-0.39848447488543237
-0.39830115654297088
-0.3976084281660025
-0.39701306424685301
-0.39600374226263257
0.016806701177952209
0.019286917696536381
0.023490757445796932
-0.49182053280936866
-0.49395326387275973
-0.49602827915044945
-0.498049168581497
-0.49936790000637471
-0.49982641880508882
-0.50006439649840051
-0.51146212225144871
-0.51146212225144871
-0.52192625017965943
-0.52433261180648816
-0.53531932894646883
-0.54661360940539117
-0.5506623092408971
-0.56020277486695191
-0.56297391054762447
-0.56297391054762447
-0.56297391054762447
-0.56899955763799437
-0.56981409797280236
-0.57749319486393835
-0.58178255898358333
-0.5883571611259073
-0.5883571611259073
-0.59645649759245956
-0.60121287579496085
-0.60121287579496085
-0.60554026498603375
-0.61582857520133216
-0.61957417947023807
-0.61957417947023807
-0.63795886743516794
-0.64131528164052165
-0.64432910292861101
-0.64705024544691447
-0.65746039690284996
-0.66662242193193089
-0.6832067039324965
-0.53761301910739867
-0.53753690338877702
-0.53744099742120688
-0.53743601355864157
-0.53743601355864157
-0.53743601355864157
-0.53746218601785078
-0.53746969242561271
-0.53758829498840255
-0.53769316908755516
-0.53790971245800134
-0.53790971245800134
-0.53827315382319774
-0.5385385863491855
-0.5385385863491855
-0.53881497122649125
-0.53961308955386134
-0.53995590466907806
-0.53995590466907806
-0.54209821529415314
-0.54258265500121583
-0.54304594766427172
-0.54348877671074225
-0.54542907828606035
-0.54601526960894831
-0.54754714002573346
-0.55334055473579236
-0.45981660759754461
-0.46140874154892125
-0.46410726064487307
