1.9775077036211954
1.0308227200853062
1.5096391530634645
1.7953812022532092
0.87469843075590248
1.3611118248851302
1.7920825628515027
1.2224955839189313
1.5512591960483497
2.1864689468430663
1.1019927023682874
1.6884224190716195
1.9015939912545725
0.85945318588387865
1.3737228260958156
1.7850241324740537
0.74163277585284437
1.3208730404463369
1.6059023273123267
1.0010500942939968
1.3230249561012106
1.9068516594035787
0.92308736903883892
1.5123750826911946
1.7178274782258425
1.7539009746030605
1.2746387411417792
1.8639541356273917
2.1878984764292713
1.2530149188049777
1.6578454446730033
2.0476753679659279
1.3316076119941676
2.0112757558255514
0.94019380436951627
1.4962548234042365
1.6739432263124585
0.59593984568907721
1.204603782542222
1.9065113421611333
0.68132294874699895
1.358326042960464
