-0.12514496559954122
-1.2668376845098996
-1.8799039314172008
-2.2766656814449564
-2.5606736887806569
-2.7770895776869509
-2.949178795169376
-3.0903195959489205
-3.2088298842921112
-3.3101927239610212
-3.3981906343975683
-3.4755297576099591
-3.5442047755958526
-3.6057230182946118
-3.6612478252504044
-3.7116934621224473
-3.7577898374420831
-3.8001277648885101
-3.8391913307593177
-3.875381498145849
-1.6275572329847876
-2.5767519237734366
-3.0390910856505533
-3.3262709589538009
-3.5269248598202707
-3.6773260602431841
-3.7954743970097451
-3.8914597331386287
-3.9714383712949148
-4.039409382848465
-4.0980990413635929
-4.1494387088351345
-4.1948401432651554
-4.2353625164830326
-4.2718181508598541
-4.3048419003427103
-4.3349380868963099
-4.3625131004764564
-4.3878985675742177
-4.4113681530459781
-2.4420204287957668
-3.2270304879359313
-3.5968437054910138
-3.8230398192456385
-3.979591971560501
-4.0961600302253123
-4.1872736885352069
-4.2610034562841115
-4.3222393748775687
-4.3741404018922543
-4.4188502828358356
-4.4578818755068275
-4.4923373817497021
-4.5230413526565174
-4.5506245662659923
-4.5755788790703411
-4.5982942220103578
-4.6190842274743185
-4.6382043982491288
-4.655865254802749
-3.3744616748382676
-3.9458542205894722
-4.2068692838164079
-4.364162180010343
-4.4720103641041353
-4.5517808537621791
-4.613816972643721
-4.6638145507164328
-4.7052018432845717
-4.7401816303948987
-4.7702421178307084
-4.79642957174653
-4.8195037629496245
-4.8400314417721546
-4.8584450667473238
-4.8750810839372827
-4.8902056699644296
-4.9040325173237891
-4.9167354137839192
-4.9284573252968524
-4.1586082378659066
-4.544966763045208
-4.7176273615508819
-4.8205395547396721
-4.8906057002294112
-4.9421684658943645
-4.9821121255546856
-5.014204048135003
-5.0407007043853262
-5.0630462013694011
-5.0822129393800815
-5.0988826103810441
-5.1135490180661671
-5.1265797131760706
-5.1382546114613987
-5.1487911035927061
-5.1583609049623442
-5.1671016739812172
-5.175125214955874
-5.1825233912638939
-4.6950457171604345
-4.9721201517363918
-5.0944325114892903
-5.1668791774444998
-5.2160028419629745
-5.2520472831268847
-5.2799060539551235
-5.3022476641029108
-5.3206659760842685
-5.3361787165232162
-5.3494698682614468
-5.3610181438873967
-5.3711698167281066
-5.3801823011201177
-5.3882514150100604
-5.3955290817438986
-5.4021351938551874
-5.408165784156262
-5.4136987888328072
-5.4187981979457573
