4.1942086407232901
3.5870628536775899
3.4772006175619534
3.4074353856675819
3.3357454249334584
2.6368802419316317
2.6170843498906389
2.5897807330421276
2.5148736169111361
2.4322016530673976
2.4185800446678813
2.5385524213918402
2.48294372914981
2.424955025655064
2.3946846967815612
2.3333300155462071
2.3028509319015011
2.2920488334929727
2.480092619879839
2.4684978080385687
2.4594007500417061
2.434320543505939
2.3917811884201741
2.3690751369064311
2.3308138250304258
2.3313146078773284
2.3109502937873638
2.2934115195900988
2.2779887642748671
2.2558386942033914
2.2345383151948663
2.3856158567870165
2.3648845818245992
2.3709617652614954
2.3569724806496528
2.3967301989343643
2.3804179797987945
2.3628581161552611
2.4483864795661856
2.4418203112000452
2.4294799695602998
2.2670546569860166
2.2464497814936717
2.2302219085487822
2.3170976216072332
2.3136584564744269
2.3127105181106078
2.3123957494260274
2.3212033511411714
2.2915047863920059
2.2287019839024853
2.2285731282235592
2.2793179529494361
2.264698206618891
2.2458432529756807
2.2369358698228807
2.147624372309398
