0.67453287845905407
0.67453287845905407
0.67453287845905407
0.59148095579809334
0.59148095579809334
0.59148095579809334
0.57664913027597908
0.57664913027597908
0.57664913027597908
0.57267622250720862
0.57267622250720862
0.57267622250720862
0.5689409469188802
0.5689409469188802
0.5689409469188802
0.57312234988408806
0.57312234988408806
0.57312234988408806
0.5690215015181046
0.5690215015181046
0.5690215015181046
0.58146201592216906
0.58146201592216906
0.58146201592216906
0.63385981061980257
0.63385981061980257
0.63385981061980257
0.62258926601095554
0.62258926601095554
0.62258926601095554
0.59667119492546838
0.59667119492546838
0.59667119492546838
0.67226560728581175
0.67226560728581175
0.67226560728581175
0.82440424997282546
0.82440424997282546
0.82440424997282546
0.63443872039456783
0.63443872039456783
0.63443872039456783
0.84282599157505889
0.84282599157505889
0.84282599157505889
0.81707764567962649
0.81707764567962649
0.81707764567962649
0.85444397024540608
0.85444397024540608
0.85444397024540608
0.61971210253007225
0.61971210253007225
0.61971210253007225
0.62452924184788916
0.62452924184788916
0.62452924184788916
0.58609621966969483
0.58609621966969483
0.58609621966969483
0.5954929117350356
0.5954929117350356
0.5954929117350356
0.57476415683013782
0.57476415683013782
0.57476415683013782
0.58640075426313931
0.58640075426313931
0.58640075426313931
0.58738440041121232
0.58738440041121232
0.58738440041121232
0.59762083816413591
0.59762083816413591
0.59762083816413591
