3.0456874510898864
2.869058241780706
2.7884620601818799
2.9787847421049678
2.9337638733758711
2.9973451514553027
2.6451494638551565
2.842851308965948
2.7242534005887928
2.6668423829409766
2.649631582009258
2.866958258423828
2.7718885278524539
2.7497317762779874
3.3096064480954381
2.8498869143853605
2.7526975028323797
2.6631895670683394
3.0391941233378268
3.2098380875482486
3.0735676939243022
3.3935453873208963
3.0805934452708481
3.1820689283990218
3.3124845734803263
3.2611934327988847
2.9226574233532223
2.9545876076203319
3.1749738780614538
3.6610030089484304
2.9474166722270319
3.172582679622427
2.9595884040552933
3.3386146151080003
3.0490222920429164
3.0617024851395485
