3.4644714150913853
3.443721534976325
3.4561748011584763
3.497020453148326
3.4078352650877379
3.3870853849726776
3.3995386511548289
3.440384303144679
3.397577311724985
3.3768274316099247
3.389280697792076
3.4301263497819257
3.4163382444389203
3.39558836432386
3.4080416305060113
3.4488872824958614
3.4883448583902372
3.6022727967648644
3.6022727967648644
3.4644714150913853
3.4644714150913853
3.4078352650877379
3.4078352650877379
3.397577311724985
3.397577311724985
3.5815229166498042
3.5815229166498042
3.443721534976325
3.443721534976325
3.3870853849726776
3.3870853849726776
3.3768274316099247
3.3768274316099247
3.5939761828319554
3.5939761828319554
3.4561748011584763
3.4561748011584763
3.3995386511548289
3.3995386511548289
3.389280697792076
3.389280697792076
3.6348218348218051
3.6348218348218051
3.497020453148326
3.497020453148326
3.440384303144679
3.440384303144679
3.4301263497819257
3.4301263497819257
3.6742794107161814
3.6742794107161814
3.5364780290427023
3.5364780290427023
3.4798418790390548
3.4798418790390548
3.4695839256763019
3.4695839256763019
3.6218862674653223
3.6218862674653223
3.4840848857918432
3.4840848857918432
3.4274487357881958
3.4274487357881958
3.4171907824254428
3.4171907824254428
3.4543794450802467
3.4336295649651865
3.4460828311473377
3.4869284831371878
3.5263860590315637
3.4739929157807046
3.4163382444389203
3.39558836432386
3.4080416305060113
3.4488872824958614
3.4883448583902372
3.4359517151393781
3.4543794450802467
3.4336295649651865
3.4460828311473377
3.4869284831371878
3.5263860590315637
3.4739929157807046
3.4163382444389203
3.39558836432386
3.4080416305060113
3.4488872824958614
3.4883448583902372
3.4359517151393781
3.4543794450802467
3.4336295649651865
3.4460828311473377
3.4869284831371878
3.5263860590315637
3.4739929157807046
