2.1922287092480297
2.1848269516733598
2.1630675905561589
2.1517289892662386
2.1425197209734375
2.1372953404720398
2.13757615869581
2.1446034630544304
2.1592294090362008
2.1819221595075051
2.1894035617993142
2.1811814517863111
2.1700502473418157
2.157185397147706
2.1443217283881046
2.1332355833836938
2.1257257398241327
2.1232251708415464
2.1268736227831679
2.1374185999882962
2.1552094346603616
2.180306638257373
2.1888836848826636
2.1802436388736934
2.1685905710887234
2.1550611240483546
2.141357501747577
2.1292101585803764
2.1203736383484628
2.1162153525092573
2.1177958158519039
2.1257753405487674
2.1404003042407878
2.1616130860765197
2.1893639584446203
2.1805740834506029
2.168730379196075
2.1549535608081563
2.1409313510668539
2.1283738209974716
2.119014698409436
2.1141909248435011
2.1149252650325781
2.1218348750843044
2.1351138907715379
2.1546429226205457
2.1900847827004548
2.1812147511025137
2.1692679747066621
2.1553559899516594
2.1411578428393003
2.1283713622675333
2.1187174109923315
2.1135141641104211
2.1137608205885816
2.1200470634734607
2.1325333175454464
2.1510597004187249
2.1913305753420107
2.1823902010736762
2.170352194688459
2.156319545937456
2.1419629812792231
2.1289685591389262
2.1190445029274669
2.1134905749679236
2.1132826036409389
2.1189826122011266
2.1307167164740779
2.1482833099862506
2.1935749619716893
2.1845703260896205
2.1724482006552419
2.1583032585605393
2.1437978866014507
2.1306063009464205
2.1204237267322967
2.1145309946115187
2.1138796294982281
2.1190024387575099
2.12998888103174
2.1465921894528788
2.1968448297907992
2.1877920899985432
2.1756063998733794
2.1613758008692843
2.1467558398731761
2.1334109783215456
2.1230255081515277
2.1168643221911632
2.1158582533573447
2.1205148558156801
2.1308915399633359
2.1467015526812241
2.2011286476063132
2.1920411714296315
2.1798091919945826
2.1655156884753302
2.1508108607294703
2.1373515114788266
2.1268131953356351
2.1204480481505019
2.1191701757359795
2.1234664508035701
2.1333677731120013
2.216558529724745
2.2074178998743976
2.1951142879505694
2.1807223400800639
2.1658831863496144
2.1522405542122218
2.1414547404272812
2.1347555310586874
2.1330273372777842
2.1367196884906932
2.1458149687530033
2.1599308740902003
