3.2249766259091803
2.980226170367072
2.7857280566459828
2.6291601603692669
2.5012218033029079
2.3948928798840843
2.3048746493858521
3.1688054003085417
2.9235205541516196
2.7284880498156365
2.5713857629241552
2.4429130152429828
2.3360497012093262
2.2454970800962677
3.1207627322419773
2.8749504818697882
2.6793905733184618
2.521760882211761
2.3927607303153211
2.2853700120663794
2.1942899867380423
3.0793311487816255
2.8329982135424774
2.6369176201241151
2.4787672441505011
2.3492464073871027
2.2413350042711837
2.1497342940758752
