3.2321860757885679
3.013858654997343
2.8499210066787248
2.7270871960006899
2.6353311492410199
2.5491381241427469
2.8545133833829901
2.716894915289596
2.6133168614922182
2.5354498962296725
2.4770077208072698
2.4216654710550158
2.6176943730991011
2.5311689064962919
2.4659617282027608
2.4168516330718122
2.3798978534918862
2.3447529231423339
2.4653587492044635
2.4110336893337525
2.3700642196884374
2.3391776787780527
2.3159039098040988
2.2937174542149643
2.3646822168495607
2.3306008365114641
2.3048881483763326
2.2854929195740707
2.2708668841142905
2.25690629433173
3.1319372672470065
2.9136098464557816
2.7496721981371635
2.6268383874591286
2.5350823406994585
2.4488893156011855
2.7542645748414283
2.6166461067480342
2.5130680529506564
2.4352010876881107
2.376758912265708
2.321416662513454
2.5174455645575402
2.430920097954731
2.3657129196611999
2.3166028245302512
2.2796490449503253
2.2445041146007729
2.3651099406629013
2.3107848807921902
2.2698154111468751
2.2389288702364905
2.2156551012625365
2.1934686456734021
2.2644334083079993
2.2303520279699027
2.2046393398347712
2.1852441110325094
2.1706180755727291
2.1566574857901686
