3.243514837535038
3.0384403256911541
2.8793732476120399
2.7559920672736022
2.6602908332688222
2.5659051103949144
2.8883411527512712
2.7538619189130991
2.6495524237995212
2.5686442385186434
2.5058873970625797
2.4439932124420847
2.6554331985481996
2.567247376866161
2.4988456000834547
2.4457894173798342
2.4046361220199439
2.3640485207044515
2.5027019646554143
2.4448734143004791
2.4000184079316589
2.3652263963060887
2.3382397972399076
2.3116241565196067
2.4025472495149325
2.3646257200385805
2.3352116946881929
2.3123965577657022
2.2946998818911388
2.2772464648871065
3.1849066718621444
2.9798321600182605
2.8207650819391463
2.6973839016007086
2.6016826675959286
2.5072969447220208
2.8297329870783776
2.6952537532402054
2.5909442581266275
2.5100360728457498
2.4472792313896861
2.3853850467691911
2.596825032875306
2.5086392111932674
2.4402374344105611
2.3871812517069406
2.3460279563470503
2.3054403550315579
2.4440937989825207
2.3862652486275855
2.3414102422587653
2.306618230633195
2.279631631567014
2.2530159908467131
2.3439390838420389
2.3060175543656869
2.2766035290152993
2.2537883920928086
2.2360917162182452
2.2186382992142129
