3.1789756648496175
2.970641184420546
2.8107810063619203
2.6881163544219069
2.5939927457890741
2.5023034627887144
2.812893578176114
2.6787049731300172
2.5757387514365906
2.4967302335134995
2.436105051745912
2.3770478233993018
2.5771950280177789
2.4907639116399265
2.4244431872667294
2.3735536619925606
2.3345048758535922
2.2964660112677366
2.4254425387817333
2.3697721048001723
2.3270548096559187
2.2942767769761803
2.2691253851861619
2.2446244856437785
2.3277378929154824
2.2918804685326495
2.2643661836444369
2.243253795179855
2.2270537395182095
2.2112726670566061
3.0517396481966506
2.8434051677675791
2.6835449897089534
2.56088033776894
2.4667567291361072
2.3750674461357475
2.6856575615231471
2.5514689564770503
2.4485027347836237
2.3694942168605326
2.3088690350929451
2.2498118067463349
2.449959011364812
2.3635278949869596
2.2972071706137625
2.2463176453395937
2.2072688592006253
2.1692299946147697
2.2982065221287664
2.2425360881472054
2.1998187930029518
2.1670407603232134
2.141889368533195
2.1173884689908116
2.2005018762625155
2.1646444518796826
2.13713016699147
2.1160177785268881
2.0998177228652426
2.0840366504036392
