4.0362564289094829
3.5251766234399429
3.4338368535520063
3.3697327422568191
3.3018994615987118
2.6223876511094839
2.610054408324388
2.5788802925029888
2.4763970367357526
2.3930486619076432
2.3778077072469128
2.5055268255296643
2.4619917030258911
2.3910351954775559
2.3732993926456181
2.2834616525353892
2.2643201107535118
2.2522754195434351
2.4683635895479652
2.4591903355321234
2.4502740131672618
2.4185014286027364
2.3467306917282844
2.3350670439628809
2.310083553401141
2.3105735279511816
2.2776938798517667
2.2494601757549204
2.2345665429673733
2.224751472640027
2.218646441076793
2.3766881806338973
2.3495067224102937
2.3554866047453045
2.3466328476799023
2.3853736919019024
2.3717830518467102
2.3552646994126509
2.4326087340584244
2.432460574311885
2.4177652325699288
2.2488049090768252
2.2159310447865845
2.1894172418499314
2.3030733681473419
2.3077521304539674
2.3063346348114413
2.3042840500349113
2.314365760521254
2.2787501769185368
2.2213042740603641
2.229790030293842
2.2738541567890844
2.2620233988571097
2.2450698870194499
2.2286247189064046
2.1280312023849106
