0.66751033010696026
0.66751033010696026
0.66751033010696026
0.59756040287989032
0.59756040287989032
0.59756040287989032
0.56765285741572291
0.56765285741572291
0.56765285741572291
0.5723147161387071
0.5723147161387071
0.5723147161387071
0.56701988798980962
0.56701988798980962
0.56701988798980962
0.56912907733677476
0.56912907733677476
0.56912907733677476
0.568767853801179
0.568767853801179
0.568767853801179
0.58519102916384924
0.58519102916384924
0.58519102916384924
0.63213331382010129
0.63213331382010129
0.63213331382010129
0.62662776085498106
0.62662776085498106
0.62662776085498106
0.60112335199487477
0.60112335199487477
0.60112335199487477
0.68041473339835656
0.68041473339835656
0.68041473339835656
0.84857813489127787
0.84857813489127787
0.84857813489127787
0.6360712070978185
0.6360712070978185
0.6360712070978185
0.8668637472254993
0.8668637472254993
0.8668637472254993
0.84432873953947407
0.84432873953947407
0.84432873953947407
0.87563438510033109
0.87563438510033109
0.87563438510033109
0.63762701597215465
0.63762701597215465
0.63762701597215465
0.63806480195964488
0.63806480195964488
0.63806480195964488
0.57943444150347512
0.57943444150347512
0.57943444150347512
0.59588854498300958
0.59588854498300958
0.59588854498300958
0.57820754225281146
0.57820754225281146
0.57820754225281146
0.58911703660567905
0.58911703660567905
0.58911703660567905
0.57125637833083298
0.57125637833083298
0.57125637833083298
0.58625834526708498
0.58625834526708498
0.58625834526708498
