2.9355585500646342
2.8483194956924627
2.8188225563251392
2.908250200527251
2.8776084511957016
2.9058193940728643
2.6999226768719362
2.7696068237043132
2.671635361021143
2.7117653339263104
2.6668381699205259
2.7591000242617527
2.7850075244851551
2.7373459642503941
3.2055052321119599
2.8045120720755112
2.7950244547216396
2.718046828125249
3.1387464467489448
3.0974125290614469
3.1271810493937591
3.2718719248481016
3.1618483047197654
3.1892934975513629
3.2467869853949094
3.2170572993054747
3.0450232501616203
3.0085786307594975
3.1091089821318323
3.5362873488780737
3.0621316511670855
3.1448038797366915
3.0547931077130741
3.2434441571558472
3.0118313138114914
3.0786687997675717
