3.457549094502864
3.457549094502864
3.457549094502864
3.457549094502864
3.3780185757418737
3.3780185757418737
3.3780185757418737
3.3780185757418737
3.3599344182403188
3.3599344182403188
3.3599344182403188
3.3599344182403188
3.3896520346787322
3.3896520346787322
3.3896520346787322
3.3896520346787322
3.3896520346787322
3.6235596714133478
3.6235596714133478
3.457549094502864
3.457549094502864
3.3780185757418737
3.3780185757418737
3.3599344182403188
3.3599344182403188
3.6235596714133478
3.6235596714133478
3.457549094502864
3.457549094502864
3.3780185757418737
3.3780185757418737
3.3599344182403188
3.3599344182403188
3.6235596714133478
3.6235596714133478
3.457549094502864
3.457549094502864
3.3780185757418737
3.3780185757418737
3.3599344182403188
3.3599344182403188
3.6235596714133478
3.6235596714133478
3.457549094502864
3.457549094502864
3.3780185757418737
3.3780185757418737
3.3599344182403188
3.3599344182403188
3.6235596714133478
3.6235596714133478
3.457549094502864
3.457549094502864
3.3780185757418737
3.3780185757418737
3.3599344182403188
3.3599344182403188
3.6235596714133478
3.6235596714133478
3.457549094502864
3.457549094502864
3.3780185757418737
3.3780185757418737
3.3599344182403188
3.3599344182403188
3.4594738312779478
3.4594738312779478
3.4594738312779478
3.4594738312779478
3.4594738312779478
3.4594738312779478
3.3896520346787322
3.3896520346787322
3.3896520346787322
3.3896520346787322
3.3896520346787322
3.3896520346787322
3.4594738312779478
3.4594738312779478
3.4594738312779478
3.4594738312779478
3.4594738312779478
3.4594738312779478
3.3896520346787322
3.3896520346787322
3.3896520346787322
3.3896520346787322
3.3896520346787322
3.3896520346787322
3.4594738312779478
3.4594738312779478
3.4594738312779478
3.4594738312779478
3.4594738312779478
3.4594738312779478
