4.0584310103599783
3.5433907012798969
3.4479164186992279
3.3814475332743981
3.3109646365348482
2.618091564759486
2.6065980102698432
2.5783675532970802
2.4326153064421074
2.3536890256512342
2.3448973186527926
2.4894484238701686
2.4585397563104978
2.3809011851923314
2.3744027253095026
2.229956176893237
2.2234042285165292
2.2148199418066348
2.473785681198752
2.4642241427462519
2.4557013713979154
2.4235948067003878
2.3265118817175674
2.3271858793505014
2.3080729039742338
2.3086424324131358
2.26555658022545
2.2233351617517942
2.2047883963869146
2.2024746470188794
2.2195378026914514
2.3814863257246173
2.3535429008045257
2.3601455459540053
2.3444552060820407
2.390626969224146
2.3759857648325822
2.3578870969812136
2.4370251569309782
2.4386587213457416
2.4247373167202388
2.2358754417891773
2.1946672156624212
2.1601053034852744
2.2976184002660154
2.3000545664168777
2.2984814373388853
2.2983897905915889
2.3068448268756288
2.270322116370397
2.2527083299471071
2.2689705963939435
2.2878437928149693
2.2789371344400742
2.2684742571634229
2.252377797245837
2.1792282832845129
