3.466303939893419
3.4370429282218145
3.4364988042689855
3.4646579315672228
3.4005792194425832
3.371873026922898
3.3713392201249723
3.3989644211426793
3.3818565850742766
3.3533084407904861
3.3527775729829075
3.3802506774004084
3.3982954503911831
3.3696085364443022
3.3690750881416105
3.3966817365613475
3.4531221941278343
3.600484812690897
3.600484812690897
3.466303939893419
3.466303939893419
3.4005792194425832
3.4005792194425832
3.3818565850742766
3.3818565850742766
3.5700911051700204
3.5700911051700204
3.4370429282218145
3.4370429282218145
3.371873026922898
3.371873026922898
3.3533084407904861
3.3533084407904861
3.56952591814016
3.56952591814016
3.4364988042689855
3.4364988042689855
3.3713392201249723
3.3713392201249723
3.3527775729829075
3.3527775729829075
3.5987750872649684
3.5987750872649684
3.4646579315672228
3.4646579315672228
3.3989644211426793
3.3989644211426793
3.3802506774004084
3.3802506774004084
3.6585735989764996
3.6585735989764996
3.5222279054815213
3.5222279054815213
3.4554428085984648
3.4554428085984648
3.4364181107128533
3.4364181107128533
3.7504364581200735
3.7504364581200735
3.6106672704961635
3.6106672704961635
3.5422052714593342
3.5422052714593342
3.5227028838143575
3.5227028838143575
3.442907182928558
3.4138436763778244
3.4133032251369402
3.4412722847812258
3.4984536745691743
3.5862960941441631
3.3982954503911831
3.3696085364443022
3.3690750881416105
3.3966817365613475
3.4531221941278343
3.5398263888482733
3.442907182928558
3.4138436763778244
3.4133032251369402
3.4412722847812258
3.4984536745691743
3.5862960941441631
3.3982954503911831
3.3696085364443022
3.3690750881416105
3.3966817365613475
3.4531221941278343
3.5398263888482733
3.442907182928558
3.4138436763778244
3.4133032251369402
3.4412722847812258
3.4984536745691743
3.5862960941441631
