4.0551865006801897
3.5415505197530903
3.4437375048875007
3.3820396912361188
3.3174438360589367
2.6338464056142508
2.6154821201385388
2.590518272842909
2.4689692071140668
2.3851884836722208
2.3754673255292733
2.5160799511328857
2.4704943582255838
2.4009943690420981
2.3813484926201123
2.273883636388943
2.2558131490798461
2.249307300494642
2.4794301971675314
2.4665964914634442
2.4573570711065571
2.4289000946237289
2.3568004888404128
2.3447423756732961
2.3178180481038781
2.3183104249788151
2.287084736406074
2.2590461708160974
2.2440805564734014
2.2338878337541876
2.2259460285723098
2.3836802146933049
2.3595600208652021
2.365569423837306
2.3570936847919994
2.3960236193543762
2.3784731455955326
2.3593863265073316
2.4430790671553595
2.4397311463969937
2.4285761525946947
2.256244614418117
2.2250259358023925
2.198717683568205
2.3129008188518836
2.3116441198336539
2.3129866854135566
2.3145435756527881
2.3210558083583681
2.2884619763310794
2.2307524510006278
2.2333235523316564
2.2839733572863423
2.2684704810667049
2.2486714509626884
2.2381056332884781
2.1367323319386964
