0.67993839863902394
0.67993839863902394
0.67993839863902394
0.58610134149330406
0.58610134149330406
0.58610134149330406
0.57861379015866987
0.57861379015866987
0.57861379015866987
0.57697686811570748
0.57697686811570748
0.57697686811570748
0.55853296639634209
0.55853296639634209
0.55853296639634209
0.57024144989327397
0.57024144989327397
0.57024144989327397
0.56560029732099792
0.56560029732099792
0.56560029732099792
0.58024073226033579
0.58024073226033579
0.58024073226033579
0.62954630308877313
0.62954630308877313
0.62954630308877313
0.61605230593158922
0.61605230593158922
0.61605230593158922
0.59816654589621976
0.59816654589621976
0.59816654589621976
0.66529975341200043
0.66529975341200043
0.66529975341200043
0.84262255555950105
0.84262255555950105
0.84262255555950105
0.63721013608073918
0.63721013608073918
0.63721013608073918
0.85863017675001174
0.85863017675001174
0.85863017675001174
0.8103462058779769
0.8103462058779769
0.8103462058779769
0.84850055729975793
0.84850055729975793
0.84850055729975793
0.61656629443450583
0.61656629443450583
0.61656629443450583
0.61364055737067247
0.61364055737067247
0.61364055737067247
0.56948146734112015
0.56948146734112015
0.56948146734112015
0.60953869814420614
0.60953869814420614
0.60953869814420614
0.58342775583287221
0.58342775583287221
0.58342775583287221
0.58488138747088669
0.58488138747088669
0.58488138747088669
0.59669036951845555
0.59669036951845555
0.59669036951845555
0.60953869814420614
0.60953869814420614
0.60953869814420614
