3.4575490909431701
3.4575490909431701
3.4575490909431701
3.4575490909431701
3.3780185719393532
3.3780185719393532
3.3780185719393532
3.3780185719393532
3.3599344143836549
3.3599344143836549
3.3599344143836549
3.3599344143836549
3.389652030911253
3.389652030911253
3.389652030911253
3.389652030911253
3.389652030911253
3.6235596683846794
3.6235596683846794
3.4575490909431701
3.4575490909431701
3.3780185719393532
3.3780185719393532
3.3599344143836549
3.3599344143836549
3.6235596683846794
3.6235596683846794
3.4575490909431701
3.4575490909431701
3.3780185719393532
3.3780185719393532
3.3599344143836549
3.3599344143836549
3.6235596683846794
3.6235596683846794
3.4575490909431701
3.4575490909431701
3.3780185719393532
3.3780185719393532
3.3599344143836549
3.3599344143836549
3.6235596683846794
3.6235596683846794
3.4575490909431701
3.4575490909431701
3.3780185719393532
3.3780185719393532
3.3599344143836549
3.3599344143836549
3.6235596683846794
3.6235596683846794
3.4575490909431701
3.4575490909431701
3.3780185719393532
3.3780185719393532
3.3599344143836549
3.3599344143836549
3.6235596683846794
3.6235596683846794
3.4575490909431701
3.4575490909431701
3.3780185719393532
3.3780185719393532
3.3599344143836549
3.3599344143836549
3.4594738277242252
3.4594738277242252
3.4594738277242252
3.4594738277242252
3.4594738277242252
3.4594738277242252
3.389652030911253
3.389652030911253
3.389652030911253
3.389652030911253
3.389652030911253
3.389652030911253
3.4594738277242252
3.4594738277242252
3.4594738277242252
3.4594738277242252
3.4594738277242252
3.4594738277242252
3.389652030911253
3.389652030911253
3.389652030911253
3.389652030911253
3.389652030911253
3.389652030911253
3.4594738277242252
3.4594738277242252
3.4594738277242252
3.4594738277242252
3.4594738277242252
3.4594738277242252
