2.9560646643019464
2.7157054534226308
2.6978971119623569
2.8467414658175318
2.7827447730653017
2.8825867917494055
2.6518027859469218
2.6591749144470445
2.4921158630927298
2.5426936570787309
2.4495710892094866
2.7062543025290733
2.6291592612566426
2.5581410004931779
3.2859687599371803
2.6713521976319541
2.6886934730764125
2.6026351884797876
3.0651646934481018
3.0789649722793744
3.0083768401295607
3.3127080120513828
3.0733615120203019
3.0898239487069485
3.212237117827728
3.1525371351146703
3.0322169599537823
2.8392780547754981
3.035971897666224
3.6207868648829233
2.9847626203540294
3.0479273004845187
2.9274514639950304
3.2449640725754616
2.8791631946621035
2.9414641806540871
