-0.1104334330520149
-0.088692241519310558
-0.026217106071191747
-0.55403537427661398
-0.55483088793345892
-0.55483088793345892
-0.55935307354351049
-0.56032232104734081
-0.56124219106410955
-0.5621179773889079
-0.56597059761945379
-0.57033127144358553
-0.58445621046575869
-0.0095009775178399973
-0.0081911318315015975
-0.005400917891410814
-0.210821433378859
-0.21346543484033256
-0.21346543484033256
-0.21600607948851172
-0.22264286903572636
-0.22529999452741278
-0.22529999452741278
-0.24085221331393511
-0.24427639404092263
-0.2475535242746463
-0.25069765146450462
-0.26479229128976289
-0.28122497749998465
-0.33749638245649516
-0.41312980441647407
-0.41497538499798825
-0.41953249471173748
-0.42091490150206534
-0.42091490150206534
-0.42091490150206534
-0.42402004505878216
-0.42445071165437831
-0.42864828629457774
-0.43110868801668834
-0.43505823457153969
-0.43505823457153969
-0.44025572992588674
-0.44350083021185144
-0.44350083021185144
-0.44659216519176759
-0.45455360120070237
-0.45769844603396148
-0.45769844603396148
-0.47568004878777803
-0.47955110452727495
-0.48322883135298722
-0.48673326941499478
-0.50217252121893363
-0.51966415885201445
-0.57609187797589645
-0.0012802435866072102
-0.001408623244844396
-0.0027150971912812258
-0.41753757700223809
-0.41652556750569875
-0.41568273798189598
-0.41499775727196964
-0.41462340701466355
-0.41450670345764701
-0.41444886979078277
-0.41384629758486624
-0.41384629758486624
-0.41687694181062751
-0.41802694032044457
-0.42524329548258388
-0.43565806706668381
-0.44002969910106027
-0.45145200210124636
-0.45502667029906446
-0.45502667029906446
-0.45502667029906446
-0.46313007387755389
-0.46425631308810866
-0.47516322103449377
-0.48143146432440959
-0.4911742293919617
-0.4911742293919617
-0.50319966377449099
-0.51015894702715192
-0.51015894702715192
-0.51635356801819998
-0.53021531520637011
-0.53483373818762392
-0.53483373818762392
-0.55212823130317346
-0.55397053444801103
-0.55517379190176264
-0.55585721358668061
-0.55431727198140079
-0.54629403205587435
-0.51523578273282056
-0.55295778730750922
-0.55415058237716064
-0.55694449349373998
-0.55775404957070729
-0.55775404957070729
-0.55775404957070729
-0.55951556361758326
-0.55975404316807786
-0.56201076129760907
-0.56328098732116794
-0.56524781867443508
-0.56524781867443508
-0.56771573366527406
-0.56919507566803085
-0.56919507566803085
-0.57056473242993844
-0.57393438275721731
-0.57520950269185689
-0.57520950269185689
-0.58200575839602497
-0.58337541514622615
-0.58465053507380316
-0.58584333010576706
-0.59086918410266209
-0.59234852608512356
-0.59618609777860931
-0.61146469529628344
-0.51781150293153977
-0.53782573226058983
-0.60056068582916999
