2.0834684465258304
2.0942185066830943
2.109891754097136
2.1143607406500542
2.1168991931990533
2.1183510915981909
2.1200368002870027
2.1236550259222255
2.1312036215422734
2.1448934930390737
2.079763903282744
2.089455102938691
2.0970703704158997
2.102241363842182
2.1047418870493102
2.1048577825083323
2.1033597456766744
2.101455410728069
2.1007124213574486
2.1029935533328805
2.1103563332309285
2.1249891102822787
2.0789768449655024
2.0881285985278812
2.0950702768835208
2.0993834495526253
2.1007998123597438
2.0995459784608195
2.0963355489297184
2.0922915349604625
2.0888793130230732
2.0878491165961361
2.0911255848354471
2.1007445890481007
2.0794807194079921
2.0884390829262802
2.0951346994452109
2.0991285803845194
2.100133730106597
2.0983504521680354
2.0944654796393944
2.0895624950192113
2.085058149325373
2.082646972840867
2.0841861741294148
2.091631897357304
2.080295081899775
2.0891499842008496
2.095712561535481
2.0995319780366719
2.1003100386148499
2.0982312454411236
2.0939657261658557
2.0885729407151823
2.0834391228646285
2.0802233423587904
2.0807392956844848
2.0868908612461374
2.0817290247399476
2.0904931330459582
2.096937956318115
2.1006016271503407
2.1011752120980418
2.0988280207295764
2.0942138666056156
2.0883684435758796
2.0826478200998721
2.0786753643628462
2.078220488961696
2.0831332174131383
2.0843358581681675
2.0930170215332549
2.0993532691074512
2.1028719985941673
2.1032535122249305
2.1006518343110532
2.095704001040045
2.0894212704248751
2.08312834150439
2.0784108723895054
2.0769909608382955
2.0806603401062138
2.0881502865311607
2.0967693603258679
2.1030235625044438
2.1064317313177443
2.1066653404631732
2.1038658234436509
2.0986561045445464
2.0920268702147751
2.085276111535046
2.079956891338675
2.0777499414787859
2.0803953834158873
2.0931574260737742
2.101731664278669
2.1079261190613945
2.1112530945931947
2.1113771629547022
2.1084298722507153
2.1030228691646977
2.0961303742232475
2.0890287881889869
2.0832444795455372
2.080423961843501
2.1112168390647592
2.1197224697749792
2.1258244657443517
2.1290243753588109
2.1289750639962679
2.1257912030082458
2.1200647451796426
2.1127410633061849
2.1050582301329159
2.0984944137003203
2.0946335064715926
2.0950922987364535
