1.9000612893273456
0.96033484154281668
1.4817480103847904
1.7408065551007965
0.81069082784932256
1.3417669504115493
1.7679949621684878
1.1756329110026646
1.5269854155020088
2.1586371764561449
1.051598332921508
1.6535273266774426
1.8426658034597583
0.78139654535819503
1.3243302049727721
1.751475814151374
0.67451080146390063
1.309474906959909
1.5881291325481173
0.95261678069804012
1.309745311519154
1.875592612513135
0.85814427071924859
1.4916127332172933
1.7081680503916763
1.7404510898634571
1.2649905217224415
1.8300990758128162
2.1564539647705701
1.2112011808905236
1.6332130306799912
2.0139955370645657
1.3059692902078752
1.9252374734371425
0.87499951943047893
1.4678744609115129
1.6520148106769206
0.58527236173575836
1.1914194518062331
1.8775810180203947
0.66725121446727309
1.334966244023974
