3.9531656561433097
3.5087612891707103
3.4202577554085938
3.364816263730126
3.3057916215659202
2.6302173738717451
2.6124311858074072
2.588605953265823
2.4426559158760894
2.3567305537128127
2.3484152821179398
2.5006635204463983
2.4589470187286961
2.3826704834202195
2.3678196616172711
2.238868659471061
2.2258885157979771
2.2212749291214284
2.4747442863828866
2.4608531301411061
2.4513796845994618
2.4203880352974028
2.3328421447221386
2.3253701755191285
2.3039630611738886
2.3044512953318712
2.2675982494853266
2.2346980337367031
2.2200976555882228
2.2160519525098068
2.2162929111099401
2.3769682246247652
2.3503776860011545
2.3563771835437093
2.3519435853075663
2.3903525338888945
2.3717227788242337
2.3514453196412339
2.4348526069026
2.4334754986065166
2.4230472453193341
2.2442649736649307
2.2077186991371414
2.1770818364837745
2.3045043826946485
2.3048697530918707
2.3080714143092402
2.3113144778373389
2.3157284422058613
2.2811556316462394
2.2289812892409611
2.2338859304159322
2.2834312136641488
2.267274393108814
2.2470347312045207
2.2353332694207673
2.1314416815763062
