0.67837180986317591
0.67837180986317591
0.67837180986317591
0.59544554323534937
0.59544554323534937
0.59544554323534937
0.58033052782836858
0.58033052782836858
0.58033052782836858
0.57651678783052729
0.57651678783052729
0.57651678783052729
0.57276436464768232
0.57276436464768232
0.57276436464768232
0.57691045434372556
0.57691045434372556
0.57691045434372556
0.57290833382405681
0.57290833382405681
0.57290833382405681
0.58531992311766423
0.58531992311766423
0.58531992311766423
0.63737579594533833
0.63737579594533833
0.63737579594533833
0.62618590687029352
0.62618590687029352
0.62618590687029352
0.60052328499691154
0.60052328499691154
0.60052328499691154
0.67593645723883555
0.67593645723883555
0.67593645723883555
0.82745056246388038
0.82745056246388038
0.82745056246388038
0.63827498592305898
0.63827498592305898
0.63827498592305898
0.84582491566664941
0.84582491566664941
0.84582491566664941
0.82035465872860946
0.82035465872860946
0.82035465872860946
0.85735466536850191
0.85735466536850191
0.85735466536850191
0.62379547725634144
0.62379547725634144
0.62379547725634144
0.6286167547703434
0.6286167547703434
0.6286167547703434
0.59004655577685039
0.59004655577685039
0.59004655577685039
0.59955504184920971
0.59955504184920971
0.59955504184920971
0.578724691054191
0.578724691054191
0.578724691054191
0.5903742641416736
0.5903742641416736
0.5903742641416736
0.59121901366129825
0.59121901366129825
0.59121901366129825
0.60158909827749252
0.60158909827749252
0.60158909827749252
