3.0124173792127644
2.8813343251486896
2.8322830457067667
2.9584198792309264
2.9226261816445493
2.9690152586405318
2.6953692634690758
2.8309296326561633
2.7337641494944078
2.7325746996407818
2.7074240143081738
2.8394984748693268
2.8120122475355611
2.7794132466855204
3.28121950575161
2.8512396201595651
2.8022920010214563
2.725011053114776
3.1027125836769103
3.181202781949473
3.1260424802417894
3.3579026559177954
3.1365556029724511
3.197165611329976
3.2866906948160195
3.2466257537994232
2.9871293464796982
3.0331616680355893
3.1626101706429663
3.6351248697294718
3.0281215338131036
3.175237442928708
3.0466572213859058
3.3054274170096489
3.0655409264806752
3.102120767514168
