3.4661576257058684
3.4661576257058684
3.4661576257058684
3.4661576257058684
3.3872548451893554
3.3872548451893554
3.3872548451893554
3.3872548451893554
3.3693107269499234
3.3693107269499234
3.3693107269499234
3.3693107269499234
3.3987976851698032
3.3987976851698032
3.3987976851698032
3.3987976851698032
3.3987976851698032
3.6307971066145206
3.6307971066145206
3.4661576257058684
3.4661576257058684
3.3872548451893554
3.3872548451893554
3.3693107269499234
3.3693107269499234
3.6307971066145206
3.6307971066145206
3.4661576257058684
3.4661576257058684
3.3872548451893554
3.3872548451893554
3.3693107269499234
3.3693107269499234
3.6307971066145206
3.6307971066145206
3.4661576257058684
3.4661576257058684
3.3872548451893554
3.3872548451893554
3.3693107269499234
3.3693107269499234
3.6307971066145206
3.6307971066145206
3.4661576257058684
3.4661576257058684
3.3872548451893554
3.3872548451893554
3.3693107269499234
3.3693107269499234
3.6307971066145206
3.6307971066145206
3.4661576257058684
3.4661576257058684
3.3872548451893554
3.3872548451893554
3.3693107269499234
3.3693107269499234
3.6307971066145206
3.6307971066145206
3.4661576257058684
3.4661576257058684
3.3872548451893554
3.3872548451893554
3.3693107269499234
3.3693107269499234
3.4680669330007925
3.4680669330007925
3.4680669330007925
3.4680669330007925
3.4680669330007925
3.4680669330007925
3.3987976851698032
3.3987976851698032
3.3987976851698032
3.3987976851698032
3.3987976851698032
3.3987976851698032
3.4680669330007925
3.4680669330007925
3.4680669330007925
3.4680669330007925
3.4680669330007925
3.4680669330007925
3.3987976851698032
3.3987976851698032
3.3987976851698032
3.3987976851698032
3.3987976851698032
3.3987976851698032
3.4680669330007925
3.4680669330007925
3.4680669330007925
3.4680669330007925
3.4680669330007925
3.4680669330007925
