0.66751034131599929
0.66751034131599929
0.66751034131599929
0.59756040132953459
0.59756040132953459
0.59756040132953459
0.56765286462375331
0.56765286462375331
0.56765286462375331
0.57231471440629189
0.57231471440629189
0.57231471440629189
0.5670198879040963
0.5670198879040963
0.5670198879040963
0.56912907670113699
0.56912907670113699
0.56912907670113699
0.56876785334891533
0.56876785334891533
0.56876785334891533
0.58519102932605205
0.58519102932605205
0.58519102932605205
0.63213331321641886
0.63213331321641886
0.63213331321641886
0.62662775363029088
0.62662775363029088
0.62662775363029088
0.60112335089766622
0.60112335089766622
0.60112335089766622
0.68041473024120158
0.68041473024120158
0.68041473024120158
0.84857811231585867
0.84857811231585867
0.84857811231585867
0.63607119931218903
0.63607119931218903
0.63607119931218903
0.86686374355667939
0.86686374355667939
0.86686374355667939
0.84432869621102491
0.84432869621102491
0.84432869621102491
0.87563438087064138
0.87563438087064138
0.87563438087064138
0.63762701380706155
0.63762701380706155
0.63762701380706155
0.63806479046346598
0.63806479046346598
0.63806479046346598
0.57943444200530392
0.57943444200530392
0.57943444200530392
0.59588854366817412
0.59588854366817412
0.59588854366817412
0.57820754332063862
0.57820754332063862
0.57820754332063862
0.5891170356051697
0.5891170356051697
0.5891170356051697
0.57125637847870459
0.57125637847870459
0.57125637847870459
0.5862583454451763
0.5862583454451763
0.5862583454451763
