3.0201268939845782
2.8620252681108656
2.7876555825382101
2.9626201354108543
2.920280269190449
2.9762859362305822
2.6386019386786574
2.8244170399337305
2.7097452652309424
2.6694570684785686
2.6500868684885441
2.8394857333570727
2.77032147252284
2.7442040846106801
3.2890398515850321
2.8379776794185445
2.7516799999680561
2.662812911025155
3.1028707234474209
3.1717508330508291
3.1166515771765595
3.3487481597390309
3.1368857966489898
3.2041864205914421
3.2972083213970147
3.2573683660651036
2.9928123765093684
2.9955852108729477
3.1605876197932363
3.6104073247212289
3.0150108612424851
3.1772116152313092
3.0189747434543093
3.3080393773891816
3.0486342423293245
3.0873090633432514
