4.9701199604671134
3.7783490540993192
3.597387903164698
3.4895457995315606
3.3851364273370748
2.5856055547647725
2.5784521857082394
2.5731689548202463
2.377657792218284
2.3232091048108634
2.322560127470354
2.4455161399762555
2.4389727113848614
2.3684597156467917
2.3740410616764418
2.2446488133430305
2.2438474382718381
2.2422445369746682
2.4797360712465357
2.4655136238611979
2.4572818365807638
2.4261578370625978
2.3228581130802612
2.3304492438566164
2.320056986004785
2.3205192624685944
2.2860074408688336
2.2555471465831354
2.2429982273169662
2.2346640744679762
2.2170446749530779
2.387345832178835
2.363136834803778
2.369057682816992
2.3570923851211845
2.399481635075011
2.3819764102978711
2.3627990553318043
2.4378980258086433
2.4416259677366186
2.4323799433300777
2.2548984991180046
2.2247617862239171
2.1981572601067358
2.313484446003256
2.3098020305731923
2.3082950926464538
2.3074550445059101
2.3178889669343126
2.2847847323276742
2.2119176748614828
2.2132010118854111
2.2709941680295849
2.2541405294497525
2.2322014601912712
2.2213366311438185
2.1047913701803318
