0.67765347308791724
0.67765347308791724
0.67765347308791724
0.59410833909064298
0.59410833909064298
0.59410833909064298
0.57895243049066525
0.57895243049066525
0.57895243049066525
0.57512763659821531
0.57512763659821531
0.57512763659821531
0.57156472054790708
0.57156472054790708
0.57156472054790708
0.57601966238156943
0.57601966238156943
0.57601966238156943
0.57237881576604133
0.57237881576604133
0.57237881576604133
0.58360563471298488
0.58360563471298488
0.58360563471298488
0.63234905728080271
0.63234905728080271
0.63234905728080271
0.62120062333425552
0.62120062333425552
0.62120062333425552
0.59808402311033648
0.59808402311033648
0.59808402311033648
0.6694712017787261
0.6694712017787261
0.6694712017787261
0.80770841808462757
0.80770841808462757
0.80770841808462757
0.63588594228271922
0.63588594228271922
0.63588594228271922
0.82497599012791689
0.82497599012791689
0.82497599012791689
0.80246634151449392
0.80246634151449392
0.80246634151449392
0.83611712546357497
0.83611712546357497
0.83611712546357497
0.62108487601172568
0.62108487601172568
0.62108487601172568
0.62684480134131038
0.62684480134131038
0.62684480134131038
0.5914109759734103
0.5914109759734103
0.5914109759734103
0.60067710654746242
0.60067710654746242
0.60067710654746242
0.57796170293412941
0.57796170293412941
0.57796170293412941
0.5899847914069638
0.5899847914069638
0.5899847914069638
0.59394264184905587
0.59394264184905587
0.59394264184905587
0.60461070606847522
0.60461070606847522
0.60461070606847522
