2.9640363593676518
2.8853460826532893
2.81632333509847
2.9535011843514551
2.9241291991391094
2.9449400217025747
2.6535950030939559
2.8157688413663964
2.7158262549207484
2.7024389883282036
2.6835700289284552
2.7983802326503544
2.8012125080778554
2.7695973498553874
3.2133524893086634
2.8490225335492578
2.7769698488158641
2.6880295373512415
3.1231591512619539
3.1378146696007678
3.1439464641015076
3.3015761729142015
3.1610235126609725
3.2260911588027761
3.2916327908191736
3.263040941043593
3.0025413973062949
3.0254324476663421
3.1553308647639966
3.545854676692108
3.0347196502996305
3.1889676902986954
3.0467676626795686
3.2828698908641289
3.0560566081236962
3.1108486365799761
