3.4575490969301512
3.4575490969301512
3.4575490969301512
3.4575490969301512
3.3780185783347543
3.3780185783347543
3.3780185783347543
3.3780185783347543
3.3599344208701205
3.3599344208701205
3.3599344208701205
3.3599344208701205
3.3896520372477172
3.3896520372477172
3.3896520372477172
3.3896520372477172
3.3896520372477172
3.6235596734785087
3.6235596734785087
3.4575490969301512
3.4575490969301512
3.3780185783347543
3.3780185783347543
3.3599344208701205
3.3599344208701205
3.6235596734785087
3.6235596734785087
3.4575490969301512
3.4575490969301512
3.3780185783347543
3.3780185783347543
3.3599344208701205
3.3599344208701205
3.6235596734785087
3.6235596734785087
3.4575490969301512
3.4575490969301512
3.3780185783347543
3.3780185783347543
3.3599344208701205
3.3599344208701205
3.6235596734785087
3.6235596734785087
3.4575490969301512
3.4575490969301512
3.3780185783347543
3.3780185783347543
3.3599344208701205
3.3599344208701205
3.6235596734785087
3.6235596734785087
3.4575490969301512
3.4575490969301512
3.3780185783347543
3.3780185783347543
3.3599344208701205
3.3599344208701205
3.6235596734785087
3.6235596734785087
3.4575490969301512
3.4575490969301512
3.3780185783347543
3.3780185783347543
3.3599344208701205
3.3599344208701205
3.4594738337011632
3.4594738337011632
3.4594738337011632
3.4594738337011632
3.4594738337011632
3.4594738337011632
3.3896520372477172
3.3896520372477172
3.3896520372477172
3.3896520372477172
3.3896520372477172
3.3896520372477172
3.4594738337011632
3.4594738337011632
3.4594738337011632
3.4594738337011632
3.4594738337011632
3.4594738337011632
3.3896520372477172
3.3896520372477172
3.3896520372477172
3.3896520372477172
3.3896520372477172
3.3896520372477172
3.4594738337011632
3.4594738337011632
3.4594738337011632
3.4594738337011632
3.4594738337011632
3.4594738337011632
